#L=128x128
#p		P_infty(p)	X(p)
0.00000000e+00	0.00000000e+00	0.00000000e+00
1.00000000e-02	0.00000000e+00	1.04103613e+00
2.00000000e-02	0.00000000e+00	1.08433120e+00
3.00000000e-02	0.00000000e+00	1.13051554e+00
4.00000000e-02	0.00000000e+00	1.17933315e+00
5.00000000e-02	0.00000000e+00	1.23096111e+00
6.00000000e-02	0.00000000e+00	1.28672862e+00
7.00000000e-02	0.00000000e+00	1.34475232e+00
8.00000000e-02	0.00000000e+00	1.40695608e+00
9.00000000e-02	0.00000000e+00	1.47364640e+00
1.00000000e-01	0.00000000e+00	1.54441379e+00
1.10000000e-01	0.00000000e+00	1.62022431e+00
1.20000000e-01	0.00000000e+00	1.69978064e+00
1.30000000e-01	0.00000000e+00	1.78578646e+00
1.40000000e-01	0.00000000e+00	1.87803237e+00
1.50000000e-01	0.00000000e+00	1.97728972e+00
1.60000000e-01	0.00000000e+00	2.08210781e+00
1.70000000e-01	0.00000000e+00	2.19531277e+00
1.80000000e-01	0.00000000e+00	2.31561163e+00
1.90000000e-01	0.00000000e+00	2.44917330e+00
2.00000000e-01	0.00000000e+00	2.58889336e+00
2.10000000e-01	0.00000000e+00	2.74254231e+00
2.20000000e-01	0.00000000e+00	2.90666711e+00
2.30000000e-01	0.00000000e+00	3.08594108e+00
2.40000000e-01	0.00000000e+00	3.27957780e+00
2.50000000e-01	0.00000000e+00	3.49060895e+00
2.60000000e-01	0.00000000e+00	3.72606647e+00
2.70000000e-01	0.00000000e+00	3.97868917e+00
2.80000000e-01	0.00000000e+00	4.25436468e+00
2.90000000e-01	0.00000000e+00	4.56335166e+00
3.00000000e-01	0.00000000e+00	4.90074118e+00
3.10000000e-01	0.00000000e+00	5.27407025e+00
3.20000000e-01	0.00000000e+00	5.70226652e+00
3.30000000e-01	0.00000000e+00	6.15934084e+00
3.40000000e-01	0.00000000e+00	6.69097238e+00
3.50000000e-01	0.00000000e+00	7.28034914e+00
3.60000000e-01	0.00000000e+00	7.95112333e+00
3.70000000e-01	0.00000000e+00	8.71384965e+00
3.80000000e-01	0.00000000e+00	9.59331090e+00
3.90000000e-01	0.00000000e+00	1.06108691e+01
4.00000000e-01	0.00000000e+00	1.17953751e+01
4.10000000e-01	0.00000000e+00	1.31617993e+01
4.20000000e-01	0.00000000e+00	1.47934273e+01
4.30000000e-01	0.00000000e+00	1.67664996e+01
4.40000000e-01	0.00000000e+00	1.91201993e+01
4.50000000e-01	0.00000000e+00	2.19681906e+01
4.60000000e-01	0.00000000e+00	2.55669109e+01
4.70000000e-01	0.00000000e+00	2.99170353e+01
4.80000000e-01	0.00000000e+00	3.57487046e+01
4.90000000e-01	0.00000000e+00	4.31977953e+01
5.00000000e-01	0.00000000e+00	5.34231955e+01
5.10000000e-01	0.00000000e+00	6.74280266e+01
5.20000000e-01	0.00000000e+00	8.76002522e+01
5.30000000e-01	0.00000000e+00	1.17343144e+02
5.40000000e-01	9.62524414e-05	1.65252614e+02
#5.50000000e-01	3.88311768e-04	2.40817835e+02
#5.60000000e-01	3.32866211e-03	3.80655755e+02
#5.70000000e-01	1.91437073e-02	6.58087093e+02
#5.80000000e-01	6.73200806e-02	1.16756136e+03
#5.90000000e-01	1.75971698e-01	2.14626307e+03
#6.00000000e-01	3.05940668e-01	3.57790245e+03
#6.10000000e-01	4.19484503e-01	5.22778969e+03
#6.20000000e-01	4.96019623e-01	4.65923020e+03
#6.30000000e-01	5.45609528e-01	7.87940167e+02
#6.40000000e-01	5.78295966e-01	1.08197730e+02
#6.50000000e-01	6.02895673e-01	4.62770250e+01
#6.60000000e-01	6.23058820e-01	2.92269420e+01
#6.70000000e-01	6.40609033e-01	2.01502777e+01
#6.80000000e-01	6.56348529e-01	1.43613963e+01
#6.90000000e-01	6.70757690e-01	1.11950300e+01
#7.00000000e-01	6.84283813e-01	8.74337468e+00
5.50000000e-01	4.72534180e-04	2.41470147e+02
5.50200000e-01	4.74426270e-04	2.44264752e+02
5.50400000e-01	4.38134766e-04	2.44288022e+02
5.50600000e-01	5.67077637e-04	2.49575666e+02
5.50800000e-01	5.17205811e-04	2.51406529e+02
5.51000000e-01	4.85754395e-04	2.54236733e+02
5.51200000e-01	5.92456055e-04	2.56536892e+02
5.51400000e-01	5.10437012e-04	2.57974519e+02
5.51600000e-01	7.25158691e-04	2.59185390e+02
5.51800000e-01	5.77069092e-04	2.61650169e+02
5.52000000e-01	6.93823242e-04	2.62781543e+02
5.52200000e-01	8.91638184e-04	2.69126241e+02
5.52400000e-01	6.70104980e-04	2.66874380e+02
5.52600000e-01	8.69372559e-04	2.71772630e+02
5.52800000e-01	8.25726318e-04	2.71359320e+02
5.53000000e-01	8.30444336e-04	2.75556420e+02
5.53200000e-01	8.78808594e-04	2.79296204e+02
5.53400000e-01	8.64019775e-04	2.81540378e+02
5.53600000e-01	9.73461914e-04	2.83245040e+02
5.53800000e-01	1.23339233e-03	2.88972876e+02
5.54000000e-01	1.12092896e-03	2.87385479e+02
5.54200000e-01	1.07533569e-03	2.90282369e+02
5.54400000e-01	1.32968140e-03	2.95953032e+02
5.54600000e-01	1.13630981e-03	2.97395706e+02
5.54800000e-01	1.21486816e-03	3.00752906e+02
5.55000000e-01	1.06123047e-03	3.02799108e+02
5.55200000e-01	1.37135620e-03	3.05682973e+02
5.55400000e-01	1.35469360e-03	3.06961762e+02
5.55600000e-01	1.41458740e-03	3.10894723e+02
5.55800000e-01	1.70681152e-03	3.14351062e+02
5.56000000e-01	1.49957275e-03	3.15522768e+02
5.56200000e-01	1.86865845e-03	3.20434871e+02
5.56400000e-01	1.84631348e-03	3.23701873e+02
5.56600000e-01	1.93069458e-03	3.28343322e+02
5.56800000e-01	1.74479980e-03	3.28180307e+02
5.57000000e-01	1.76991577e-03	3.31559314e+02
5.57200000e-01	2.02048340e-03	3.34362970e+02
5.57400000e-01	2.08653564e-03	3.38339744e+02
5.57600000e-01	2.17783203e-03	3.41684130e+02
5.57800000e-01	2.64325562e-03	3.45718396e+02
5.58000000e-01	2.32052002e-03	3.42779641e+02
5.58200000e-01	2.47355347e-03	3.49934776e+02
5.58400000e-01	2.67526245e-03	3.57296341e+02
5.58600000e-01	2.70368042e-03	3.59442541e+02
5.58800000e-01	2.89410400e-03	3.61722098e+02
5.59000000e-01	3.08231812e-03	3.66882427e+02
5.59200000e-01	2.76311646e-03	3.69100243e+02
5.59400000e-01	2.64529419e-03	3.70711782e+02
5.59600000e-01	3.33538818e-03	3.77142549e+02
5.59800000e-01	3.56742554e-03	3.79896189e+02
5.60000000e-01	2.82275391e-03	3.83428450e+02
5.60200000e-01	3.81463013e-03	3.85617600e+02
5.60400000e-01	3.89178467e-03	3.89921748e+02
5.60600000e-01	3.90670166e-03	3.93901175e+02
5.60800000e-01	3.88090820e-03	3.97237801e+02
5.61000000e-01	4.39720459e-03	4.03549491e+02
5.61200000e-01	4.40249634e-03	4.09714369e+02
5.61400000e-01	4.40102539e-03	4.08532393e+02
5.61600000e-01	4.21820679e-03	4.14347601e+02
5.61800000e-01	4.84029541e-03	4.17532405e+02
5.62000000e-01	5.29552612e-03	4.29136522e+02
5.62200000e-01	5.49724121e-03	4.29477343e+02
5.62400000e-01	5.28341064e-03	4.32223941e+02
5.62600000e-01	5.80704346e-03	4.42240268e+02
5.62800000e-01	5.71173706e-03	4.42274401e+02
5.63000000e-01	6.25430908e-03	4.47947261e+02
5.63200000e-01	6.06925659e-03	4.50252684e+02
5.63400000e-01	6.43106079e-03	4.49855577e+02
5.63600000e-01	6.50101929e-03	4.54798953e+02
5.63800000e-01	6.42264404e-03	4.61784416e+02
5.64000000e-01	7.25811768e-03	4.71949984e+02
5.64200000e-01	7.08644409e-03	4.75594816e+02
5.64400000e-01	7.59696045e-03	4.77503461e+02
5.64600000e-01	7.43063354e-03	4.82309370e+02
5.64800000e-01	7.93773193e-03	4.90015878e+02
5.65000000e-01	7.26100464e-03	4.92987980e+02
5.65200000e-01	8.62542725e-03	4.99325830e+02
5.65400000e-01	9.45709229e-03	5.08647063e+02
5.65600000e-01	9.34902954e-03	5.12083247e+02
5.65800000e-01	9.34412842e-03	5.14772203e+02
5.66000000e-01	9.52580566e-03	5.20458464e+02
5.66200000e-01	9.85079956e-03	5.25937238e+02
5.66400000e-01	1.11871338e-02	5.36029329e+02
5.66600000e-01	1.08253967e-02	5.38989541e+02
5.66800000e-01	1.12328735e-02	5.45868201e+02
5.67000000e-01	1.17946655e-02	5.52234996e+02
5.67200000e-01	1.12173950e-02	5.51385787e+02
5.67400000e-01	1.26179016e-02	5.68293958e+02
5.67600000e-01	1.36505859e-02	5.78486437e+02
5.67800000e-01	1.36298523e-02	5.78448288e+02
5.68000000e-01	1.34675415e-02	5.79224097e+02
5.68200000e-01	1.44508667e-02	5.86057387e+02
5.68400000e-01	1.40264648e-02	5.97399534e+02
5.68600000e-01	1.50086365e-02	6.04311880e+02
5.68800000e-01	1.52897095e-02	6.05965597e+02
5.69000000e-01	1.63227478e-02	6.22460252e+02
5.69200000e-01	1.68388855e-02	6.27726809e+02
5.69400000e-01	1.74872498e-02	6.33770811e+02
5.69600000e-01	1.71068115e-02	6.36984915e+02
5.69800000e-01	1.80784729e-02	6.44317322e+02
5.70000000e-01	1.86260559e-02	6.46612872e+02
5.70200000e-01	1.84778076e-02	6.54271625e+02
5.70400000e-01	1.89929016e-02	6.60471024e+02
5.70600000e-01	2.20158325e-02	6.79139795e+02
5.70800000e-01	2.11147461e-02	6.79698370e+02
5.71000000e-01	2.09570496e-02	6.88189629e+02
5.71200000e-01	2.16682190e-02	6.91741082e+02
5.71400000e-01	2.24164185e-02	7.03015656e+02
5.71600000e-01	2.23643372e-02	7.08471959e+02
5.71800000e-01	2.51415894e-02	7.23500088e+02
5.72000000e-01	2.50219788e-02	7.31260988e+02
5.72200000e-01	2.58198730e-02	7.37433903e+02
5.72400000e-01	2.71044434e-02	7.54106720e+02
5.72600000e-01	2.68103333e-02	7.56098259e+02
5.72800000e-01	2.71491272e-02	7.64030664e+02
5.73000000e-01	2.91760498e-02	7.82027074e+02
5.73200000e-01	3.01799377e-02	7.84302760e+02
5.73400000e-01	3.09161499e-02	7.94442285e+02
5.73600000e-01	3.21041992e-02	8.08189672e+02
5.73800000e-01	3.21332214e-02	8.07776981e+02
5.74000000e-01	3.35516907e-02	8.22293953e+02
5.74200000e-01	3.40074402e-02	8.37627352e+02
5.74400000e-01	3.50081604e-02	8.39451843e+02
5.74600000e-01	3.53714233e-02	8.47610638e+02
5.74800000e-01	3.64435669e-02	8.61334273e+02
5.75000000e-01	3.73798157e-02	8.71304674e+02
5.75200000e-01	3.79717896e-02	8.77494832e+02
5.75400000e-01	4.04725342e-02	8.95475876e+02
5.75600000e-01	4.09491821e-02	9.05567121e+02
5.75800000e-01	4.14482483e-02	9.12852260e+02
5.76000000e-01	4.27447449e-02	9.18866177e+02
5.76200000e-01	4.29372681e-02	9.30871922e+02
5.76400000e-01	4.28697998e-02	9.38307392e+02
5.76600000e-01	4.65178955e-02	9.57917018e+02
5.76800000e-01	4.67202637e-02	9.67199488e+02
5.77000000e-01	4.89884766e-02	9.78111369e+02
5.77200000e-01	5.04522888e-02	9.94055188e+02
5.77400000e-01	5.21152649e-02	1.00825530e+03
5.77600000e-01	5.13397827e-02	1.01202464e+03
5.77800000e-01	5.51813904e-02	1.03454611e+03
5.78000000e-01	5.36714722e-02	1.03876634e+03
5.78200000e-01	5.52558167e-02	1.04235911e+03
5.78400000e-01	5.78206787e-02	1.06850627e+03
5.78600000e-01	5.80840393e-02	1.06701275e+03
5.78800000e-01	5.88333618e-02	1.08559317e+03
5.79000000e-01	6.04904114e-02	1.10742980e+03
5.79200000e-01	6.24496521e-02	1.11272786e+03
5.79400000e-01	6.43819824e-02	1.12828711e+03
5.79600000e-01	6.47946960e-02	1.13637735e+03
5.79800000e-01	6.44654419e-02	1.14415874e+03
5.80000000e-01	6.99722961e-02	1.17546980e+03
5.80200000e-01	7.10591919e-02	1.18384799e+03
5.80400000e-01	7.00750000e-02	1.19425946e+03
5.80600000e-01	7.45767822e-02	1.22142133e+03
5.80800000e-01	7.56458008e-02	1.23056076e+03
5.81000000e-01	7.52966736e-02	1.23071585e+03
5.81200000e-01	7.67086853e-02	1.24899585e+03
5.81400000e-01	8.21132263e-02	1.28386296e+03
5.81600000e-01	8.07245544e-02	1.27718342e+03
5.81800000e-01	8.21912659e-02	1.30109110e+03
5.82000000e-01	8.42483765e-02	1.31692251e+03
5.82200000e-01	8.79954651e-02	1.34021684e+03
5.82400000e-01	8.67158020e-02	1.34520114e+03
5.82600000e-01	9.16013000e-02	1.37665897e+03
5.82800000e-01	9.47966492e-02	1.40717132e+03
5.83000000e-01	9.57976440e-02	1.41934193e+03
5.83200000e-01	9.53711182e-02	1.41527276e+03
5.83400000e-01	9.72491577e-02	1.42380606e+03
5.83600000e-01	1.01268762e-01	1.46302050e+03
5.83800000e-01	1.02425995e-01	1.47474615e+03
5.84000000e-01	1.03790533e-01	1.48784836e+03
5.84200000e-01	1.06303772e-01	1.51511259e+03
5.84400000e-01	1.07438257e-01	1.52273529e+03
5.84600000e-01	1.10665039e-01	1.54109643e+03
5.84800000e-01	1.14465741e-01	1.57694947e+03
5.85000000e-01	1.14639459e-01	1.58891197e+03
5.85200000e-01	1.14622156e-01	1.58414434e+03
5.85400000e-01	1.19551935e-01	1.62492406e+03
5.85600000e-01	1.21220990e-01	1.64252990e+03
5.85800000e-01	1.22476288e-01	1.65383808e+03
5.86000000e-01	1.25616168e-01	1.67796979e+03
5.86200000e-01	1.26753876e-01	1.70445717e+03
5.86400000e-01	1.28104773e-01	1.70621060e+03
5.86600000e-01	1.31074786e-01	1.74243081e+03
5.86800000e-01	1.33552893e-01	1.76299696e+03
5.87000000e-01	1.37003619e-01	1.79141552e+03
5.87200000e-01	1.38327911e-01	1.79967501e+03
5.87400000e-01	1.40194440e-01	1.82408640e+03
5.87600000e-01	1.41828021e-01	1.83692769e+03
5.87800000e-01	1.44266101e-01	1.85618075e+03
5.88000000e-01	1.51159473e-01	1.90925960e+03
5.88200000e-01	1.48621613e-01	1.90351987e+03
5.88400000e-01	1.51795642e-01	1.92023963e+03
5.88600000e-01	1.54914081e-01	1.95465398e+03
5.88800000e-01	1.60256891e-01	1.98763687e+03
5.89000000e-01	1.59165179e-01	1.99630696e+03
5.89200000e-01	1.60725281e-01	2.00840465e+03
5.89400000e-01	1.63881732e-01	2.04029536e+03
5.89600000e-01	1.64869141e-01	2.04705255e+03
5.89800000e-01	1.70745117e-01	2.10064906e+03
5.90000000e-01	1.73464960e-01	2.12089531e+03
5.90200000e-01	1.76696368e-01	2.16113101e+03
5.90400000e-01	1.78778467e-01	2.17092786e+03
5.90600000e-01	1.81553900e-01	2.20048975e+03
5.90800000e-01	1.83385114e-01	2.23193727e+03
5.91000000e-01	1.85187720e-01	2.23711389e+03
5.91200000e-01	1.87903668e-01	2.27079247e+03
5.91400000e-01	1.89983264e-01	2.28236860e+03
5.91600000e-01	1.93418268e-01	2.30910477e+03
5.91800000e-01	1.95195142e-01	2.33006143e+03
5.92000000e-01	1.96864990e-01	2.37152291e+03
5.92200000e-01	1.99308606e-01	2.37687968e+03
5.92400000e-01	2.02891205e-01	2.42149888e+03
5.92600000e-01	2.06914624e-01	2.45937693e+03
5.92800000e-01	2.07577594e-01	2.47354729e+03
5.93000000e-01	2.13284875e-01	2.53539802e+03
5.93200000e-01	2.13653510e-01	2.53473431e+03
5.93400000e-01	2.14752344e-01	2.55152033e+03
5.93600000e-01	2.17753699e-01	2.58539804e+03
5.93800000e-01	2.20108594e-01	2.60819766e+03
5.94000000e-01	2.23901538e-01	2.63804342e+03
5.94200000e-01	2.27603485e-01	2.66433580e+03
5.94400000e-01	2.31112848e-01	2.71006911e+03
5.94600000e-01	2.34195001e-01	2.73856179e+03
5.94800000e-01	2.36162628e-01	2.75182351e+03
5.95000000e-01	2.35847552e-01	2.77517847e+03
5.95200000e-01	2.40531061e-01	2.81641256e+03
5.95400000e-01	2.42961676e-01	2.84199356e+03
5.95600000e-01	2.48607019e-01	2.89309212e+03
5.95800000e-01	2.50744989e-01	2.92229893e+03
5.96000000e-01	2.53823065e-01	2.94826052e+03
5.96200000e-01	2.54614618e-01	2.96029797e+03
5.96400000e-01	2.57245282e-01	2.98841557e+03
5.96600000e-01	2.58369513e-01	3.01227243e+03
5.96800000e-01	2.64396735e-01	3.07598066e+03
5.97000000e-01	2.63192340e-01	3.06633693e+03
5.97200000e-01	2.68813123e-01	3.13212378e+03
5.97400000e-01	2.69154669e-01	3.12370392e+03
5.97600000e-01	2.73887640e-01	3.18966846e+03
5.97800000e-01	2.74635956e-01	3.20057892e+03
5.98000000e-01	2.76425891e-01	3.22707970e+03
5.98200000e-01	2.81119702e-01	3.27475142e+03
5.98400000e-01	2.86046570e-01	3.32014331e+03
5.98600000e-01	2.87322675e-01	3.34638838e+03
5.98800000e-01	2.88324072e-01	3.36958533e+03
5.99000000e-01	2.92062537e-01	3.39547075e+03
5.99200000e-01	2.94018127e-01	3.44136966e+03
5.99400000e-01	2.94705115e-01	3.45683664e+03
5.99600000e-01	3.01022949e-01	3.51429431e+03
5.99800000e-01	3.05992157e-01	3.56160375e+03
6.00000000e-01	3.04713806e-01	3.55043868e+03
6.00200000e-01	3.07423065e-01	3.58725145e+03
6.00400000e-01	3.07619049e-01	3.58882926e+03
6.00600000e-01	3.14941229e-01	3.67721433e+03
6.00800000e-01	3.15759351e-01	3.71306038e+03
6.01000000e-01	3.19671136e-01	3.75540921e+03
6.01200000e-01	3.18951990e-01	3.74815639e+03
6.01400000e-01	3.22524481e-01	3.78595256e+03
6.01600000e-01	3.25289435e-01	3.83395793e+03
6.01800000e-01	3.25545605e-01	3.83691336e+03
6.02000000e-01	3.31091296e-01	3.90684786e+03
6.02200000e-01	3.33658716e-01	3.92609410e+03
6.02400000e-01	3.33867169e-01	3.96030653e+03
6.02600000e-01	3.35803088e-01	3.96738745e+03
6.02800000e-01	3.37706335e-01	3.98967287e+03
6.03000000e-01	3.41830450e-01	4.04900711e+03
6.03200000e-01	3.44845026e-01	4.07525777e+03
6.03400000e-01	3.46379590e-01	4.12343466e+03
6.03600000e-01	3.50139001e-01	4.16588134e+03
6.03800000e-01	3.51452466e-01	4.19286831e+03
6.04000000e-01	3.53432770e-01	4.21957037e+03
6.04200000e-01	3.55048834e-01	4.23858132e+03
6.04400000e-01	3.60941742e-01	4.31368174e+03
6.04600000e-01	3.61674622e-01	4.34253021e+03
6.04800000e-01	3.64089697e-01	4.36349643e+03
6.05000000e-01	3.66120721e-01	4.39644463e+03
6.05200000e-01	3.68521252e-01	4.43395536e+03
6.05400000e-01	3.69705255e-01	4.45488912e+03
6.05600000e-01	3.73535626e-01	4.51288140e+03
6.05800000e-01	3.76436792e-01	4.53727092e+03
6.06000000e-01	3.77228918e-01	4.56199177e+03
6.06200000e-01	3.76834375e-01	4.56151788e+03
6.06400000e-01	3.83524298e-01	4.65075296e+03
6.06600000e-01	3.82497528e-01	4.64388474e+03
6.06800000e-01	3.86231561e-01	4.68931085e+03
6.07000000e-01	3.88816913e-01	4.73883914e+03
6.07200000e-01	3.90181494e-01	4.76295436e+03
6.07400000e-01	3.93224194e-01	4.80550549e+03
6.07600000e-01	3.94817572e-01	4.84332646e+03
6.07800000e-01	3.98419940e-01	4.88113202e+03
6.08000000e-01	3.99107812e-01	4.89499707e+03
6.08200000e-01	4.02603125e-01	4.95837782e+03
6.08400000e-01	4.02606604e-01	4.96340013e+03
6.08600000e-01	4.03895459e-01	4.98697053e+03
6.08800000e-01	4.05872913e-01	5.03361299e+03
6.09000000e-01	4.10267584e-01	5.07753471e+03
6.09200000e-01	4.10115967e-01	5.08618140e+03
6.09400000e-01	4.13121674e-01	5.12367911e+03
6.09600000e-01	4.16397034e-01	5.18178965e+03
6.09800000e-01	4.17751294e-01	5.21567212e+03
6.10000000e-01	4.20239752e-01	5.25251467e+03
6.10200000e-01	4.19614856e-01	5.25582787e+03
6.10400000e-01	4.23102271e-01	5.30720520e+03
6.10600000e-01	4.25737567e-01	5.34633449e+03
6.10800000e-01	4.25991504e-01	5.35413180e+03
6.11000000e-01	4.28343884e-01	5.38762344e+03
6.11200000e-01	4.31080219e-01	5.44534281e+03
6.11400000e-01	4.33798450e-01	5.48454764e+03
6.11600000e-01	4.35361517e-01	5.51644534e+03
6.11800000e-01	4.36222162e-01	5.53913122e+03
6.12000000e-01	4.38462915e-01	5.57766357e+03
6.12200000e-01	4.39532599e-01	5.59221559e+03
6.12400000e-01	4.40886768e-01	5.62074825e+03
6.12600000e-01	4.43690277e-01	5.66250183e+03
6.12800000e-01	4.45389508e-01	5.67487328e+03
6.13000000e-01	4.45515179e-01	5.69471820e+03
6.13200000e-01	4.47944568e-01	5.72412463e+03
6.13400000e-01	4.49014624e-01	5.75630092e+03
6.13600000e-01	4.52807404e-01	5.79443627e+03
6.13800000e-01	4.53645203e-01	5.80592532e+03
6.14000000e-01	4.54634015e-01	5.81842756e+03
6.14200000e-01	4.56067896e-01	5.82499888e+03
6.14400000e-01	4.56701593e-01	5.84478964e+03
6.14600000e-01	4.59556287e-01	5.85565290e+03
6.14800000e-01	4.62710480e-01	5.84873038e+03
6.15000000e-01	4.63729541e-01	5.84657010e+03
6.15200000e-01	4.64373297e-01	5.83502121e+03
6.15400000e-01	4.66223645e-01	5.84110237e+03
6.15600000e-01	4.67463251e-01	5.80812418e+03
6.15800000e-01	4.69080951e-01	5.80457738e+03
6.16000000e-01	4.71260260e-01	5.76363143e+03
6.16200000e-01	4.71370953e-01	5.76026048e+03
6.16400000e-01	4.72513464e-01	5.73132125e+03
6.16600000e-01	4.73917889e-01	5.69370177e+03
6.16800000e-01	4.76932019e-01	5.63811892e+03
6.17000000e-01	4.77284167e-01	5.58240188e+03
6.17200000e-01	4.77847675e-01	5.57717570e+03
6.17400000e-01	4.79557227e-01	5.54011850e+03
6.17600000e-01	4.81638892e-01	5.46387555e+03
6.17800000e-01	4.81896631e-01	5.44379767e+03
6.18000000e-01	4.84677173e-01	5.34211107e+03
6.18200000e-01	4.86025769e-01	5.25425191e+03
6.18400000e-01	4.87471826e-01	5.19740603e+03
6.18600000e-01	4.88932507e-01	5.12483629e+03
6.18800000e-01	4.90652338e-01	5.01455952e+03
6.19000000e-01	4.91245953e-01	4.96919845e+03
6.19200000e-01	4.91055231e-01	4.95058775e+03
6.19400000e-01	4.93627637e-01	4.77529436e+03
6.19600000e-01	4.94182776e-01	4.74571048e+03
6.19800000e-01	4.96408185e-01	4.58748242e+03
6.20000000e-01	4.96183447e-01	4.59384623e+03
6.20200000e-01	4.98350177e-01	4.47395274e+03
6.20400000e-01	5.00194989e-01	4.30959533e+03
6.20600000e-01	5.00787244e-01	4.31681608e+03
6.20800000e-01	5.01533893e-01	4.22498230e+03
6.21000000e-01	5.03102686e-01	4.10436921e+03
6.21200000e-01	5.04832788e-01	4.01957989e+03
6.21400000e-01	5.05232471e-01	3.95065904e+03
6.21600000e-01	5.06470300e-01	3.87037779e+03
6.21800000e-01	5.07472540e-01	3.73387567e+03
6.22000000e-01	5.08540063e-01	3.62249212e+03
6.22200000e-01	5.09253912e-01	3.57160981e+03
6.22400000e-01	5.10034033e-01	3.48186722e+03
6.22600000e-01	5.11607605e-01	3.34883722e+03
6.22800000e-01	5.12990405e-01	3.28424943e+03
6.23000000e-01	5.12797406e-01	3.27171989e+03
6.23200000e-01	5.15708124e-01	3.03317675e+03
6.23400000e-01	5.15823755e-01	3.01091568e+03
6.23600000e-01	5.17119287e-01	2.86673760e+03
6.23800000e-01	5.18469666e-01	2.73165829e+03
6.24000000e-01	5.19059039e-01	2.64807989e+03
6.24200000e-01	5.20297083e-01	2.59781230e+03
6.24400000e-01	5.20793146e-01	2.50949236e+03
6.24600000e-01	5.21909167e-01	2.39734883e+03
6.24800000e-01	5.22361456e-01	2.44396616e+03
6.25000000e-01	5.24490656e-01	2.22198299e+03
6.25200000e-01	5.24944794e-01	2.21515912e+03
6.25400000e-01	5.26296472e-01	2.04638830e+03
6.25600000e-01	5.26257703e-01	2.01185884e+03
6.25800000e-01	5.27047723e-01	1.98011162e+03
6.26000000e-01	5.29082080e-01	1.83664833e+03
6.26200000e-01	5.29714703e-01	1.80291626e+03
6.26400000e-01	5.30154755e-01	1.75965906e+03
6.26600000e-01	5.30970929e-01	1.67629902e+03
6.26800000e-01	5.32455304e-01	1.59714064e+03
6.27000000e-01	5.33628577e-01	1.47545023e+03
6.27200000e-01	5.34420050e-01	1.49399282e+03
6.27400000e-01	5.35427740e-01	1.34184636e+03
6.27600000e-01	5.35856464e-01	1.30518920e+03
6.27800000e-01	5.36682379e-01	1.33721511e+03
6.28000000e-01	5.38340417e-01	1.23552656e+03
6.28200000e-01	5.38202234e-01	1.24125710e+03
6.28400000e-01	5.39139484e-01	1.12568404e+03
6.28600000e-01	5.40410834e-01	1.04612422e+03
6.28800000e-01	5.41093994e-01	1.03269197e+03
6.29000000e-01	5.41031061e-01	1.04315962e+03
6.29200000e-01	5.43182343e-01	8.78418589e+02
6.29400000e-01	5.43494287e-01	8.58087698e+02
6.29600000e-01	5.44315619e-01	9.36557192e+02
6.29800000e-01	5.44798633e-01	9.25291030e+02
6.30000000e-01	5.45636890e-01	8.00336789e+02
6.30200000e-01	5.46445465e-01	7.59633916e+02
6.30400000e-01	5.47075995e-01	8.06078823e+02
6.30600000e-01	5.48359753e-01	6.85802809e+02
6.30800000e-01	5.48324884e-01	7.40900649e+02
6.31000000e-01	5.50317090e-01	5.77317207e+02
6.31200000e-01	5.50746240e-01	6.03812524e+02
6.31400000e-01	5.51336218e-01	6.06184779e+02
6.31600000e-01	5.52118994e-01	5.36899935e+02
6.31800000e-01	5.52716687e-01	5.62144045e+02
6.32000000e-01	5.53174506e-01	4.96946456e+02
6.32200000e-01	5.53722839e-01	4.65812845e+02
6.32400000e-01	5.54261658e-01	5.38044441e+02
6.32600000e-01	5.55598224e-01	4.27960943e+02
6.32800000e-01	5.55367596e-01	5.20478535e+02
6.33000000e-01	5.56649811e-01	4.50699712e+02
6.33200000e-01	5.57474365e-01	3.93529222e+02
6.33400000e-01	5.58046326e-01	3.65017765e+02
6.33600000e-01	5.58908960e-01	3.63544728e+02
6.33800000e-01	5.59987909e-01	3.79061392e+02
6.34000000e-01	5.60197198e-01	3.72526515e+02
6.34200000e-01	5.60732660e-01	3.58763291e+02
6.34400000e-01	5.61888068e-01	2.91707222e+02
6.34600000e-01	5.62822583e-01	2.61759319e+02
6.34800000e-01	5.62461047e-01	2.95424971e+02
6.35000000e-01	5.63472168e-01	3.07383378e+02
6.35200000e-01	5.64119177e-01	2.35822823e+02
6.35400000e-01	5.65051990e-01	2.89566072e+02
6.35600000e-01	5.64965167e-01	2.58198800e+02
6.35800000e-01	5.66036658e-01	2.50522752e+02
6.36000000e-01	5.66972571e-01	2.35455594e+02
6.36200000e-01	5.67634125e-01	2.16865331e+02
6.36400000e-01	5.67742633e-01	2.24567105e+02
6.36600000e-01	5.68607513e-01	1.97284060e+02
6.36800000e-01	5.68884644e-01	2.02331783e+02
6.37000000e-01	5.70353210e-01	2.04731400e+02
6.37200000e-01	5.70144696e-01	2.15448145e+02
6.37400000e-01	5.71374835e-01	1.84271908e+02
6.37600000e-01	5.71367749e-01	2.30829491e+02
6.37800000e-01	5.72258350e-01	1.52786452e+02
6.38000000e-01	5.73021063e-01	1.58943881e+02
6.38200000e-01	5.73104388e-01	1.62072456e+02
6.38400000e-01	5.73814630e-01	1.45538757e+02
6.38600000e-01	5.74646564e-01	1.58464148e+02
6.38800000e-01	5.75050232e-01	1.25524786e+02
6.39000000e-01	5.75819250e-01	1.35063970e+02
6.39200000e-01	5.76213116e-01	1.27042988e+02
6.39400000e-01	5.76394025e-01	1.45416146e+02
6.39600000e-01	5.77767212e-01	1.24086852e+02
6.39800000e-01	5.77819208e-01	1.20647125e+02
6.40000000e-01	5.77829785e-01	1.35374905e+02
6.40200000e-01	5.78906726e-01	1.21631239e+02
6.40400000e-01	5.79807861e-01	1.05749526e+02
6.40600000e-01	5.80268781e-01	1.02727596e+02
6.40800000e-01	5.80427679e-01	1.18681386e+02
6.41000000e-01	5.81142993e-01	1.02677794e+02
6.41200000e-01	5.81747827e-01	1.02318556e+02
6.41400000e-01	5.82421301e-01	1.02134546e+02
6.41600000e-01	5.82800342e-01	9.53679226e+01
6.41800000e-01	5.83459552e-01	9.67451522e+01
6.42000000e-01	5.83937518e-01	1.01033679e+02
6.42200000e-01	5.84597144e-01	9.03464778e+01
6.42400000e-01	5.84765240e-01	9.20214671e+01
6.42600000e-01	5.85533459e-01	8.53584739e+01
6.42800000e-01	5.85768860e-01	8.85195519e+01
6.43000000e-01	5.86328906e-01	7.98482369e+01
6.43200000e-01	5.87207080e-01	8.76042059e+01
6.43400000e-01	5.87405811e-01	8.53346762e+01
6.43600000e-01	5.87910974e-01	7.73080773e+01
6.43800000e-01	5.88516943e-01	6.14571068e+01
6.44000000e-01	5.89236938e-01	6.48139808e+01
6.44200000e-01	5.89800226e-01	7.89755495e+01
6.44400000e-01	5.89985010e-01	7.37749080e+01
6.44600000e-01	5.90413196e-01	7.03626192e+01
6.44800000e-01	5.91002844e-01	7.24810218e+01
6.45000000e-01	5.91269800e-01	7.85650670e+01
6.45200000e-01	5.91884882e-01	7.08339572e+01
6.45400000e-01	5.92337640e-01	7.15511286e+01
6.45600000e-01	5.92751459e-01	7.39624898e+01
6.45800000e-01	5.93660901e-01	5.99772559e+01
6.46000000e-01	5.93894269e-01	7.00933969e+01
6.46200000e-01	5.94340112e-01	6.72898793e+01
6.46400000e-01	5.94726160e-01	5.83785183e+01
6.46600000e-01	5.95253448e-01	5.89756018e+01
6.46800000e-01	5.95671625e-01	6.50675214e+01
6.47000000e-01	5.96033502e-01	6.69951117e+01
6.47200000e-01	5.96869116e-01	6.25583554e+01
6.47400000e-01	5.97116003e-01	6.43405258e+01
6.47600000e-01	5.97600659e-01	6.54947878e+01
6.47800000e-01	5.98099115e-01	7.21558702e+01
6.48000000e-01	5.98337842e-01	6.32577797e+01
6.48200000e-01	5.98901099e-01	6.16994698e+01
6.48400000e-01	5.99399854e-01	5.50954242e+01
6.48600000e-01	5.99983820e-01	6.12353473e+01
6.48800000e-01	6.00512378e-01	5.32521104e+01
6.49000000e-01	6.01037463e-01	4.70050334e+01
6.49200000e-01	6.01160626e-01	5.57402086e+01
6.49400000e-01	6.02054120e-01	5.20603698e+01
6.49600000e-01	6.02033118e-01	4.54353040e+01
6.49800000e-01	6.02764191e-01	4.37654187e+01
6.50000000e-01	6.02806390e-01	6.00712260e+01
6.50200000e-01	6.03397516e-01	4.53585326e+01
6.50400000e-01	6.03945917e-01	4.53979150e+01
6.50600000e-01	6.04309839e-01	4.41287447e+01
6.50800000e-01	6.04626385e-01	5.10606170e+01
6.51000000e-01	6.05199554e-01	4.48140175e+01
6.51200000e-01	6.05757623e-01	4.35099142e+01
6.51400000e-01	6.06237219e-01	3.98403746e+01
6.51600000e-01	6.06638464e-01	4.39845390e+01
6.51800000e-01	6.07106647e-01	4.39911502e+01
6.52000000e-01	6.07588623e-01	4.15392379e+01
6.52200000e-01	6.07717340e-01	4.58714910e+01
6.52400000e-01	6.07984338e-01	4.24235117e+01
6.52600000e-01	6.08386462e-01	4.88789364e+01
6.52800000e-01	6.09119452e-01	4.62795615e+01
6.53000000e-01	6.09435956e-01	3.79838840e+01
6.53200000e-01	6.09953888e-01	4.49233654e+01
6.53400000e-01	6.10348444e-01	3.77900994e+01
6.53600000e-01	6.10695221e-01	3.77372142e+01
6.53800000e-01	6.11223975e-01	3.60231577e+01
6.54000000e-01	6.11413470e-01	4.49359069e+01
6.54200000e-01	6.11979584e-01	3.72613528e+01
6.54400000e-01	6.12380310e-01	3.65676299e+01
6.54600000e-01	6.12436212e-01	3.93500157e+01
6.54800000e-01	6.13115753e-01	3.51023662e+01
6.55000000e-01	6.13575104e-01	3.54987071e+01
6.55200000e-01	6.13918628e-01	3.65598162e+01
6.55400000e-01	6.14126013e-01	3.74826767e+01
6.55600000e-01	6.14726099e-01	3.38421018e+01
6.55800000e-01	6.15272699e-01	3.47697188e+01
6.56000000e-01	6.15717340e-01	3.22407640e+01
6.56200000e-01	6.15743695e-01	3.31069660e+01
6.56400000e-01	6.16421967e-01	3.17746943e+01
6.56600000e-01	6.16792877e-01	3.97880396e+01
6.56800000e-01	6.17207581e-01	3.44278015e+01
6.57000000e-01	6.17610364e-01	3.16202572e+01
6.57200000e-01	6.17671594e-01	3.35334318e+01
6.57400000e-01	6.18128510e-01	3.18776312e+01
6.57600000e-01	6.18455743e-01	3.17622558e+01
6.57800000e-01	6.19147919e-01	3.08815338e+01
6.58000000e-01	6.19407849e-01	4.02444042e+01
6.58200000e-01	6.19659137e-01	3.07822252e+01
6.58400000e-01	6.20013739e-01	3.94801351e+01
6.58600000e-01	6.20281226e-01	3.96704818e+01
6.58800000e-01	6.20895215e-01	2.97011191e+01
6.59000000e-01	6.21169769e-01	3.14491081e+01
6.59200000e-01	6.21708820e-01	2.90443891e+01
6.59400000e-01	6.22007404e-01	2.90117228e+01
6.59600000e-01	6.22444373e-01	2.77819091e+01
6.59800000e-01	6.22879218e-01	2.98863427e+01
6.60000000e-01	6.23254852e-01	2.82716956e+01
6.60200000e-01	6.23407495e-01	2.81390845e+01
6.60400000e-01	6.24031494e-01	2.70153834e+01
6.60600000e-01	6.24254095e-01	2.81190960e+01
6.60800000e-01	6.24793799e-01	2.58862635e+01
6.61000000e-01	6.25030518e-01	2.80334530e+01
6.61200000e-01	6.25239795e-01	2.99846760e+01
6.61400000e-01	6.25767322e-01	2.60994595e+01
6.61600000e-01	6.25983936e-01	2.72586285e+01
6.61800000e-01	6.26609607e-01	2.53803406e+01
6.62000000e-01	6.26940906e-01	2.74669106e+01
6.62200000e-01	6.27268518e-01	2.61684316e+01
6.62400000e-01	6.27526874e-01	2.76572858e+01
6.62600000e-01	6.27915997e-01	2.69247118e+01
6.62800000e-01	6.28475317e-01	2.58738927e+01
6.63000000e-01	6.28672626e-01	2.54007278e+01
6.63200000e-01	6.29172180e-01	2.40755764e+01
6.63400000e-01	6.29260144e-01	2.54203974e+01
6.63600000e-01	6.29906372e-01	2.41823136e+01
6.63800000e-01	6.30150720e-01	2.43217143e+01
6.64000000e-01	6.30477411e-01	2.45305601e+01
6.64200000e-01	6.30668488e-01	2.44916869e+01
6.64400000e-01	6.31024121e-01	2.40462029e+01
6.64600000e-01	6.31443787e-01	2.34031445e+01
6.64800000e-01	6.31842242e-01	2.42826096e+01
6.65000000e-01	6.32230927e-01	2.27926403e+01
6.65200000e-01	6.32638562e-01	2.31830636e+01
6.65400000e-01	6.32801556e-01	2.30022432e+01
6.65600000e-01	6.33282343e-01	2.25613510e+01
6.65800000e-01	6.33607117e-01	2.28283345e+01
6.66000000e-01	6.33973981e-01	2.25059548e+01
6.66200000e-01	6.34275763e-01	2.20694229e+01
6.66400000e-01	6.34571320e-01	2.24234564e+01
6.66600000e-01	6.34883179e-01	2.21206769e+01
6.66800000e-01	6.35335486e-01	2.17451441e+01
6.67000000e-01	6.35578387e-01	2.14219689e+01
6.67200000e-01	6.36016901e-01	2.16920990e+01
6.67400000e-01	6.36287823e-01	2.26552281e+01
6.67600000e-01	6.36715387e-01	2.07747338e+01
6.67800000e-01	6.37106525e-01	2.12918422e+01
6.68000000e-01	6.37351849e-01	2.19149024e+01
6.68200000e-01	6.37615753e-01	2.07938081e+01
6.68400000e-01	6.38006866e-01	2.14182609e+01
6.68600000e-01	6.38440045e-01	2.12570065e+01
6.68800000e-01	6.38722559e-01	2.05682420e+01
6.69000000e-01	6.38856537e-01	2.09595677e+01
6.69200000e-01	6.39291504e-01	2.11121685e+01
6.69400000e-01	6.39742139e-01	2.07498681e+01
6.69600000e-01	6.40103973e-01	1.99187458e+01
6.69800000e-01	6.40240350e-01	2.02943171e+01
6.70000000e-01	6.40441199e-01	1.96776306e+01
6.70200000e-01	6.41030878e-01	1.98560323e+01
6.70400000e-01	6.41312054e-01	2.04985643e+01
6.70600000e-01	6.41812946e-01	1.91655667e+01
6.70800000e-01	6.41949329e-01	1.84712073e+01
6.71000000e-01	6.42172797e-01	1.85608775e+01
6.71200000e-01	6.42579498e-01	1.86455827e+01
6.71400000e-01	6.43003589e-01	1.89965525e+01
6.71600000e-01	6.43296735e-01	1.88000494e+01
6.71800000e-01	6.43466797e-01	1.89752281e+01
6.72000000e-01	6.43913031e-01	1.83111192e+01
6.72200000e-01	6.44077167e-01	1.92973748e+01
6.72400000e-01	6.44550372e-01	1.80378395e+01
6.72600000e-01	6.44816113e-01	1.74239591e+01
6.72800000e-01	6.45188904e-01	1.81300767e+01
6.73000000e-01	6.45432605e-01	1.80195158e+01
6.73200000e-01	6.45743378e-01	1.77470465e+01
6.73400000e-01	6.46050275e-01	1.74119771e+01
6.73600000e-01	6.46524750e-01	1.70754482e+01
6.73800000e-01	6.46726251e-01	1.87503686e+01
6.74000000e-01	6.47115826e-01	1.71806745e+01
6.74200000e-01	6.47406927e-01	1.83900548e+01
6.74400000e-01	6.47706879e-01	1.71141245e+01
6.74600000e-01	6.48021796e-01	1.72894159e+01
6.74800000e-01	6.48386554e-01	1.71213619e+01
6.75000000e-01	6.48686584e-01	1.69916461e+01
6.75200000e-01	6.49019635e-01	1.68404462e+01
6.75400000e-01	6.49231219e-01	1.65087203e+01
6.75600000e-01	6.49514264e-01	1.71910469e+01
6.75800000e-01	6.49893683e-01	1.64735370e+01
6.76000000e-01	6.50239648e-01	1.59993851e+01
6.76200000e-01	6.50544159e-01	1.60247258e+01
6.76400000e-01	6.50956647e-01	1.57004838e+01
6.76600000e-01	6.51072900e-01	1.56761506e+01
6.76800000e-01	6.51350916e-01	1.57803847e+01
6.77000000e-01	6.51829108e-01	1.52955423e+01
6.77200000e-01	6.52087695e-01	1.58272945e+01
6.77400000e-01	6.52282404e-01	1.52683879e+01
6.77600000e-01	6.52672900e-01	1.52473072e+01
6.77800000e-01	6.52937317e-01	1.54466717e+01
6.78000000e-01	6.53260693e-01	1.55778187e+01
6.78200000e-01	6.53508881e-01	1.56367979e+01
6.78400000e-01	6.53873962e-01	1.51398566e+01
6.78600000e-01	6.54250012e-01	1.54720191e+01
6.78800000e-01	6.54433948e-01	1.54821359e+01
6.79000000e-01	6.54842328e-01	1.48697101e+01
6.79200000e-01	6.55142670e-01	1.45668328e+01
6.79400000e-01	6.55239508e-01	1.52471933e+01
6.79600000e-01	6.55682135e-01	1.39850883e+01
6.79800000e-01	6.56001147e-01	1.44612788e+01
6.80000000e-01	6.56312939e-01	1.49343135e+01
6.80200000e-01	6.56685254e-01	1.42964037e+01
6.80400000e-01	6.56832739e-01	1.41138773e+01
6.80600000e-01	6.57225995e-01	1.41836153e+01
6.80800000e-01	6.57574988e-01	1.39719324e+01
6.81000000e-01	6.57902173e-01	1.41131855e+01
6.81200000e-01	6.58137988e-01	1.42239057e+01
6.81400000e-01	6.58422925e-01	1.37102238e+01
6.81600000e-01	6.58760419e-01	1.39690286e+01
6.81800000e-01	6.58971442e-01	1.43949937e+01
6.82000000e-01	6.59329767e-01	1.35812504e+01
6.82200000e-01	6.59654193e-01	1.37254975e+01
6.82400000e-01	6.59799933e-01	1.34534337e+01
6.82600000e-01	6.60177740e-01	1.36425212e+01
6.82800000e-01	6.60432538e-01	1.31111448e+01
6.83000000e-01	6.60696997e-01	1.35547453e+01
6.83200000e-01	6.61060095e-01	1.28705972e+01
6.83400000e-01	6.61476953e-01	1.25173763e+01
6.83600000e-01	6.61543829e-01	1.33130760e+01
6.83800000e-01	6.62007379e-01	1.29209519e+01
6.84000000e-01	6.62259418e-01	1.35641186e+01
6.84200000e-01	6.62508081e-01	1.32654043e+01
6.84400000e-01	6.62663458e-01	1.33225564e+01
6.84600000e-01	6.63136505e-01	1.26670922e+01
6.84800000e-01	6.63450836e-01	1.29613599e+01
6.85000000e-01	6.63676593e-01	1.25519027e+01
6.85200000e-01	6.64006696e-01	1.29184308e+01
6.85400000e-01	6.64271277e-01	1.26365144e+01
6.85600000e-01	6.64496320e-01	1.27089927e+01
6.85800000e-01	6.64707764e-01	1.31120039e+01
6.86000000e-01	6.65079120e-01	1.24197288e+01
6.86200000e-01	6.65291046e-01	1.23712472e+01
6.86400000e-01	6.65695239e-01	1.21438376e+01
6.86600000e-01	6.65932880e-01	1.25343680e+01
6.86800000e-01	6.66267981e-01	1.16918632e+01
6.87000000e-01	6.66529303e-01	1.23184516e+01
6.87200000e-01	6.66818958e-01	1.16634135e+01
6.87400000e-01	6.67134204e-01	1.18333743e+01
6.87600000e-01	6.67294214e-01	1.13611981e+01
6.87800000e-01	6.67691559e-01	1.18470988e+01
6.88000000e-01	6.68030835e-01	1.17441203e+01
6.88200000e-01	6.68287708e-01	1.19843167e+01
6.88400000e-01	6.68545502e-01	1.14761333e+01
6.88600000e-01	6.68920264e-01	1.16283816e+01
6.88800000e-01	6.69055377e-01	1.13007301e+01
6.89000000e-01	6.69376617e-01	1.16306167e+01
6.89200000e-01	6.69594049e-01	1.10098936e+01
6.89400000e-01	6.70004022e-01	1.12249765e+01
6.89600000e-01	6.70154187e-01	1.09364621e+01
6.89800000e-01	6.70489960e-01	1.13297237e+01
6.90000000e-01	6.70822943e-01	1.09215162e+01
6.90200000e-01	6.70990033e-01	1.07832486e+01
6.90400000e-01	6.71252692e-01	1.11374521e+01
6.90600000e-01	6.71552271e-01	1.17350256e+01
6.90800000e-01	6.71936377e-01	1.07303597e+01
6.91000000e-01	6.72163300e-01	1.06956960e+01
6.91200000e-01	6.72448193e-01	1.04933051e+01
6.91400000e-01	6.72715240e-01	1.08033633e+01
6.91600000e-01	6.72946021e-01	1.06742971e+01
6.91800000e-01	6.73357550e-01	1.01110856e+01
6.92000000e-01	6.73594727e-01	1.11535424e+01
6.92200000e-01	6.73814777e-01	1.00122451e+01
6.92400000e-01	6.74046033e-01	1.07711785e+01
6.92600000e-01	6.74360944e-01	1.02519300e+01
6.92800000e-01	6.74637073e-01	1.03486725e+01
6.93000000e-01	6.74952185e-01	1.03777849e+01
6.93200000e-01	6.75093817e-01	1.00705492e+01
6.93400000e-01	6.75459601e-01	9.91225306e+00
6.93600000e-01	6.75773529e-01	1.03379054e+01
6.93800000e-01	6.76004626e-01	1.03411214e+01
6.94000000e-01	6.76224414e-01	9.86372781e+00
6.94200000e-01	6.76495227e-01	1.03969817e+01
6.94400000e-01	6.76877301e-01	1.00110031e+01
6.94600000e-01	6.77242261e-01	1.00115845e+01
6.94800000e-01	6.77287012e-01	1.00703141e+01
6.95000000e-01	6.77605090e-01	1.00341664e+01
6.95200000e-01	6.77949042e-01	9.56002544e+00
6.95400000e-01	6.78046008e-01	1.00856612e+01
6.95600000e-01	6.78486597e-01	1.00393687e+01
6.95800000e-01	6.78782910e-01	9.56069665e+00
6.96000000e-01	6.78876306e-01	9.82906599e+00
6.96200000e-01	6.79184698e-01	9.74560345e+00
6.96400000e-01	6.79454761e-01	9.46315586e+00
6.96600000e-01	6.79777966e-01	9.54044442e+00
6.96800000e-01	6.80011304e-01	9.49082631e+00
6.97000000e-01	6.80270062e-01	9.83540981e+00
6.97200000e-01	6.80642096e-01	9.16232132e+00
6.97400000e-01	6.80760181e-01	9.90234210e+00
6.97600000e-01	6.81125140e-01	9.24734845e+00
6.97800000e-01	6.81429315e-01	9.25496422e+00
6.98000000e-01	6.81629840e-01	9.20343832e+00
6.98200000e-01	6.81843414e-01	8.97089670e+00
6.98400000e-01	6.82163629e-01	8.95692583e+00
6.98600000e-01	6.82360681e-01	9.00793721e+00
6.98800000e-01	6.82620282e-01	9.08541262e+00
6.99000000e-01	6.83017578e-01	8.75267916e+00
6.99200000e-01	6.83216071e-01	8.68289173e+00
6.99400000e-01	6.83558087e-01	8.81364109e+00
6.99600000e-01	6.83745587e-01	8.70176643e+00
6.99800000e-01	6.83985388e-01	8.76118268e+00
7.00000000e-01	6.84255780e-01	9.16725717e+00
7.10000000e-01	6.97110175e-01	7.10049302e+00
7.20000000e-01	7.09492853e-01	6.24129034e+00
7.30000000e-01	7.21361292e-01	5.13319009e+00
7.40000000e-01	7.32820087e-01	4.27508580e+00
7.50000000e-01	7.44060809e-01	3.83265665e+00
7.60000000e-01	7.55187341e-01	3.35977956e+00
7.70000000e-01	7.65959845e-01	3.01416414e+00
7.80000000e-01	7.76770703e-01	2.66545673e+00
7.90000000e-01	7.87396411e-01	2.41566942e+00
8.00000000e-01	7.97835321e-01	2.23591031e+00
8.10000000e-01	8.08316162e-01	2.05268321e+00
8.20000000e-01	8.18628711e-01	1.90630944e+00
8.30000000e-01	8.28894824e-01	1.76512303e+00
8.40000000e-01	8.39175623e-01	1.66152754e+00
8.50000000e-01	8.49329150e-01	1.57364707e+00
8.60000000e-01	8.59508881e-01	1.48848271e+00
8.70000000e-01	8.69653302e-01	1.41288145e+00
8.80000000e-01	8.79745898e-01	1.35020482e+00
8.90000000e-01	8.89825671e-01	1.30107459e+00
9.00000000e-01	8.99818359e-01	1.26927076e+00
9.10000000e-01	9.09959943e-01	1.22971169e+00
9.20000000e-01	9.19939331e-01	1.18812500e+00
9.30000000e-01	9.29972516e-01	1.21098606e+00
9.40000000e-01	9.40016827e-01	1.14406780e+00
9.50000000e-01	9.49948761e-01	1.11695906e+00
9.60000000e-01	9.59995557e-01	1.17496962e+00
9.70000000e-01	9.70003290e-01	1.08227848e+00
9.80000000e-01	9.80009613e-01	1.11235955e+00
9.90000000e-01	9.89988635e-01	1.15384615e+00
