0.4174189814814816
0.36008101851851854
0.3466666666666666
0.4127199074074073
0.21287037037037032
0.47524305555555557
0.3455439814814815
0.3293749999999999
0.5451967592592591
0.41932870370370373
0.2193634259259259
0.3176157407407407
0.2647685185185185
0.5390162037037037
0.1640856481481482
0.5260532407407408
0.29223379629629626
0.2971412037037038
0.47497685185185184
0.150625
0.2217592592592591
0.16570601851851846
0.6870833333333333
0.40221064814814816
0.37399305555555556
0.4116782407407406
0.5298958333333335
0.473599537037037
0.41353009259259255
0.44251157407407415
