10001	15.0	7.5	18.0	4.5	after	1	0.416	7.5
10002	16.0	8.5	15.0	3.5	after	0	0.472	8.5
10003	17.0	5.5	15.0	6.5	after	0	0.320	5.5
10004	12.0	8.5	15.0	3.5	after	1	0.441	8.5
10005	10.0	8.5	15.0	3.5	after	1	0.562	8.5
10006	15.0	3.5	13.0	8.5	after	0	0.339	3.5
10007	20.0	7.5	15.0	4.5	before	1	0.655	7.5
10008	19.0	4.5	15.0	7.5	before	1	0.386	4.5
10009	15.0	5.5	11.0	6.5	before	1	1.015	5.5
10010	15.0	3.5	14.0	8.5	after	0	0.468	3.5
20001	15.0	4.5	14.0	7.5	before	1	0.465	4.5
20002	15.0	5.5	13.0	6.5	NaN	0	2.000	5.5
20003	18.0	5.5	15.0	6.5	after	0	0.571	5.5
20004	15.0	4.5	10.0	7.5	after	0	0.664	4.5
20005	15.0	6.5	16.0	5.5	after	1	0.569	6.5
20006	15.0	8.5	19.0	3.5	after	1	0.455	8.5
20007	20.0	6.5	15.0	5.5	after	0	0.521	6.5
20008	12.0	3.5	15.0	8.5	NaN	0	2.000	3.5
20009	17.0	6.5	15.0	5.5	after	0	0.676	6.5
20010	11.0	7.5	15.0	4.5	after	1	0.787	7.5
30001	15.0	3.5	10.0	8.5	before	1	0.465	3.5
30002	15.0	6.5	19.0	5.5	after	1	0.673	6.5
30003	15.0	7.5	20.0	4.5	after	1	0.414	7.5
30004	15.0	8.5	17.0	3.5	after	1	0.429	8.5
30005	16.0	4.5	15.0	7.5	after	0	0.419	4.5
30006	14.0	8.5	15.0	3.5	before	0	0.378	8.5
30007	15.0	4.5	18.0	7.5	after	1	0.521	4.5
30008	15.0	6.5	12.0	5.5	before	1	0.916	6.5
30009	15.0	8.5	13.0	3.5	NaN	0	2.000	8.5
30010	15.0	8.5	11.0	3.5	before	1	0.348	8.5
40001	15.0	7.5	10.0	4.5	before	1	0.429	7.5
40002	13.0	6.5	15.0	5.5	after	1	0.395	6.5
40003	17.0	4.5	15.0	7.5	before	1	0.313	4.5
40004	20.0	3.5	15.0	8.5	before	1	0.095	3.5
40005	14.0	3.5	15.0	8.5	after	1	0.377	3.5
40006	19.0	3.5	15.0	8.5	before	1	0.390	3.5
40007	15.0	4.5	16.0	7.5	after	1	0.344	4.5
40008	18.0	5.5	15.0	6.5	after	0	0.331	5.5
40009	11.0	3.5	15.0	8.5	after	1	0.401	3.5
40010	12.0	7.5	15.0	4.5	before	0	0.404	7.5
50001	17.0	6.5	15.0	5.5	after	0	0.555	6.5
50002	15.0	8.5	10.0	3.5	before	1	0.427	8.5
50003	20.0	5.5	15.0	6.5	before	1	0.360	5.5
50004	14.0	5.5	15.0	6.5	NaN	0	2.000	5.5
50005	18.0	6.5	15.0	5.5	NaN	0	2.000	6.5
50006	13.0	4.5	15.0	7.5	after	1	0.352	4.5
50007	15.0	5.5	11.0	6.5	before	1	0.416	5.5
50008	12.0	5.5	15.0	6.5	after	1	0.518	5.5
50009	16.0	4.5	15.0	7.5	NaN	0	2.000	4.5
50010	19.0	8.5	15.0	3.5	NaN	0	2.000	8.5
60001	15.0	7.5	12.0	4.5	before	1	0.418	7.5
60002	15.0	5.5	16.0	6.5	after	1	0.595	5.5
60003	15.0	6.5	10.0	5.5	NaN	0	2.000	6.5
60004	13.0	7.5	15.0	4.5	NaN	0	2.000	7.5
60005	15.0	5.5	19.0	6.5	after	1	0.852	5.5
60006	15.0	3.5	14.0	8.5	NaN	0	2.000	3.5
60007	15.0	7.5	17.0	4.5	NaN	0	2.000	7.5
60008	20.0	8.5	15.0	3.5	after	0	1.759	8.5
60009	15.0	3.5	18.0	8.5	after	1	0.917	3.5
60010	11.0	6.5	15.0	5.5	NaN	0	2.000	6.5
70001	15.0	5.5	13.0	6.5	before	1	0.369	5.5
70002	11.0	5.5	15.0	6.5	after	1	0.352	5.5
70003	15.0	8.5	19.0	3.5	before	0	0.476	8.5
70004	18.0	3.5	15.0	8.5	before	1	0.409	3.5
70005	15.0	4.5	14.0	7.5	before	1	0.384	4.5
70006	15.0	4.5	12.0	7.5	before	1	0.312	4.5
70007	15.0	3.5	20.0	8.5	after	1	0.357	3.5
70008	10.0	7.5	15.0	4.5	after	1	0.483	7.5
70009	15.0	3.5	16.0	8.5	after	1	0.468	3.5
70010	15.0	4.5	17.0	7.5	after	1	0.391	4.5
80001	14.0	8.5	15.0	3.5	after	1	0.450	8.5
80002	15.0	3.5	13.0	8.5	before	1	0.335	3.5
80003	15.0	6.5	16.0	5.5	after	1	0.379	6.5
80004	19.0	8.5	15.0	3.5	after	0	0.418	8.5
80005	15.0	8.5	17.0	3.5	before	0	0.431	8.5
80006	15.0	5.5	18.0	6.5	before	0	0.470	5.5
80007	15.0	6.5	11.0	5.5	before	1	0.610	6.5
80008	15.0	3.5	20.0	8.5	after	1	0.371	3.5
80009	10.0	7.5	15.0	4.5	after	1	0.444	7.5
80010	15.0	3.5	12.0	8.5	before	1	0.320	3.5
90001	15.0	6.5	19.0	5.5	before	0	0.351	6.5
90002	10.0	6.5	15.0	5.5	after	1	0.372	6.5
90003	14.0	6.5	15.0	5.5	after	1	0.565	6.5
90004	15.0	8.5	18.0	3.5	after	1	0.463	8.5
90005	15.0	4.5	17.0	7.5	after	1	0.435	4.5
90006	15.0	4.5	20.0	7.5	after	1	0.345	4.5
90007	15.0	7.5	12.0	4.5	before	1	0.484	7.5
90008	13.0	3.5	15.0	8.5	after	1	0.337	3.5
90009	11.0	6.5	15.0	5.5	after	1	1.281	6.5
90010	16.0	5.5	15.0	6.5	before	1	0.328	5.5
100001	12.0	5.5	15.0	6.5	after	1	0.321	5.5
100002	15.0	5.5	14.0	6.5	before	1	0.314	5.5
100003	15.0	4.5	19.0	7.5	after	1	0.363	4.5
100004	15.0	3.5	20.0	8.5	after	1	0.313	3.5
100005	15.0	7.5	10.0	4.5	before	1	0.450	7.5
100006	15.0	8.5	17.0	3.5	after	1	0.372	8.5
100007	15.0	6.5	16.0	5.5	after	1	0.388	6.5
100008	11.0	6.5	15.0	5.5	after	1	0.390	6.5
100009	13.0	5.5	15.0	6.5	after	1	0.354	5.5
100010	15.0	4.5	18.0	7.5	after	1	0.336	4.5
