174.375	1	173.428	1.312	0.947	1.500
106.875	2	106.172	0.884	0.703	1.500
73.125	3	68.625	1.160	4.500	1.500
140.625	4	139.525	1.108	1.100	1.500
5.625	5	3.895	1.255	1.730	1.500
61.875	6	67.293	1.154	5.418	1.500
16.875	7	7.193	1.358	9.682	1.500
118.125	8	109.620	1.146	8.505	1.500
163.125	9	165.997	1.270	2.872	1.500
129.375	10	122.460	1.202	6.915	1.500
39.375	11	37.880	1.310	1.495	1.500
151.875	12	161.861	1.378	9.986	1.500
28.125	13	31.011	1.214	2.886	1.500
95.625	14	90.914	1.154	4.711	1.500
50.625	15	47.846	1.198	2.779	1.500
84.375	16	78.768	1.298	5.607	1.500
16.875	17	16.187	1.373	0.688	1.500
84.375	18	82.457	1.393	1.918	1.500
95.625	19	95.182	1.469	0.443	1.500
39.375	20	33.344	1.425	6.031	1.500
118.125	21	108.652	1.013	9.473	1.500
28.125	22	NaN	1.500	NaN	1.500
73.125	23	73.896	1.245	0.771	1.500
151.875	24	158.286	1.305	6.411	1.500
50.625	25	54.516	1.293	3.891	1.500
129.375	26	124.926	1.376	4.449	1.500
163.125	27	172.215	1.380	9.090	1.500
174.375	28	NaN	1.500	NaN	1.500
5.625	29	11.964	1.333	6.339	1.500
106.875	30	102.276	1.224	4.599	1.500
140.625	31	NaN	1.500	NaN	1.500
61.875	32	64.679	1.128	2.804	1.500
28.125	33	23.748	1.308	4.377	1.500
50.625	34	50.889	1.280	0.264	1.500
61.875	35	64.159	1.364	2.284	1.500
118.125	36	NaN	1.500	NaN	1.500
106.875	37	102.922	1.275	3.953	1.500
151.875	38	156.117	1.415	4.242	1.500
5.625	39	5.187	1.347	0.438	1.500
163.125	40	NaN	1.500	NaN	1.500
84.375	41	85.491	1.148	1.116	1.500
174.375	42	NaN	1.500	NaN	1.500
16.875	43	19.191	1.211	2.316	1.500
140.625	44	133.760	1.279	6.865	1.500
95.625	45	91.599	1.395	4.026	1.500
73.125	46	NaN	1.500	NaN	1.500
39.375	47	38.313	1.083	1.062	1.500
129.375	48	122.027	1.455	7.348	1.500
5.625	49	7.551	1.299	1.926	1.500
73.125	50	68.734	1.263	4.391	1.500
140.625	51	139.427	1.331	1.198	1.500
50.625	52	54.516	1.327	3.891	1.500
163.125	53	NaN	1.500	NaN	1.500
61.875	54	59.556	1.375	2.319	1.500
174.375	55	NaN	1.500	NaN	1.500
16.875	56	17.176	1.231	0.301	1.500
95.625	57	87.601	1.171	8.024	1.500
129.375	58	135.403	1.319	6.028	1.500
151.875	59	154.962	1.410	3.087	1.500
106.875	60	100.639	1.078	6.236	1.500
39.375	61	36.325	1.378	3.050	1.500
118.125	62	106.728	1.014	11.397	1.500
28.125	63	26.507	1.154	1.618	1.500
84.375	64	75.458	1.174	8.917	1.500
5.625	65	5.824	1.265	0.199	1.500
16.875	66	13.109	1.269	3.766	1.500
28.125	67	24.196	1.441	3.929	1.500
129.375	68	NaN	1.500	NaN	1.500
39.375	69	38.088	1.385	1.287	1.500
140.625	70	NaN	1.500	NaN	1.500
73.125	71	69.948	1.193	3.177	1.500
84.375	72	78.294	1.277	6.081	1.500
61.875	73	56.810	1.361	5.065	1.500
50.625	74	50.248	1.453	0.377	1.500
118.125	75	NaN	1.500	NaN	1.500
106.875	76	100.306	1.453	6.569	1.500
174.375	77	176.877	1.369	2.502	1.500
95.625	78	97.885	1.204	2.260	1.500
163.125	79	NaN	1.500	NaN	1.500
151.875	80	156.676	1.429	4.801	1.500
163.125	81	NaN	1.500	NaN	1.500
28.125	82	31.272	1.380	3.147	1.500
61.875	83	62.394	1.360	0.519	1.500
73.125	84	70.065	1.236	3.060	1.500
16.875	85	NaN	1.500	NaN	1.500
174.375	86	NaN	1.500	NaN	1.500
84.375	87	75.998	1.248	8.377	1.500
140.625	88	135.899	1.452	4.726	1.500
118.125	89	113.222	1.360	4.903	1.500
5.625	90	NaN	1.500	NaN	1.500
151.875	91	NaN	1.500	NaN	1.500
39.375	92	36.426	1.356	2.949	1.500
106.875	93	104.550	1.231	2.325	1.500
129.375	94	118.468	1.451	10.907	1.500
50.625	95	NaN	1.500	NaN	1.500
95.625	96	89.547	1.107	6.078	1.500
61.875	97	54.888	1.271	6.987	1.500
118.125	98	114.031	1.115	4.094	1.500
106.875	99	103.117	0.967	3.758	1.500
39.375	100	35.505	1.123	3.870	1.500
151.875	101	152.937	1.047	1.062	1.500
140.625	102	135.753	1.283	4.872	1.500
129.375	103	129.656	1.359	0.281	1.500
73.125	104	74.162	1.067	1.037	1.500
163.125	105	171.425	1.135	8.300	1.500
95.625	106	95.371	1.074	0.254	1.500
50.625	107	48.216	1.007	2.409	1.500
174.375	108	180.000	1.130	10.651	1.500
16.875	109	23.087	1.166	6.212	1.500
84.375	110	74.651	1.050	9.724	1.500
28.125	111	24.620	1.262	3.505	1.500
5.625	112	2.555	1.370	3.070	1.500
174.375	113	176.498	1.486	2.123	1.500
28.125	114	28.225	1.298	0.100	1.500
118.125	115	106.155	1.294	11.970	1.500
50.625	116	43.005	1.226	7.620	1.500
61.875	117	64.655	1.134	2.780	1.500
5.625	118	5.345	1.354	0.280	1.500
16.875	119	NaN	1.500	NaN	1.500
106.875	120	103.485	1.378	3.390	1.500
73.125	121	70.027	1.118	3.098	1.500
151.875	122	157.083	1.274	5.208	1.500
163.125	123	NaN	1.500	NaN	1.500
140.625	124	143.587	1.098	2.962	1.500
129.375	125	124.744	1.093	4.631	1.500
95.625	126	92.119	1.114	3.506	1.500
84.375	127	76.785	0.981	7.590	1.500
39.375	128	31.676	1.113	7.699	1.500
39.375	129	40.755	1.173	1.380	1.500
129.375	130	120.007	1.249	9.368	1.500
73.125	131	73.665	1.141	0.540	1.500
61.875	132	59.836	1.177	2.039	1.500
28.125	133	30.075	1.157	1.950	1.500
16.875	134	18.335	1.217	1.460	1.500
106.875	135	104.971	1.245	1.904	1.500
151.875	136	154.279	1.409	2.404	1.500
84.375	137	84.468	1.413	0.093	1.500
163.125	138	NaN	1.500	NaN	1.500
5.625	139	13.490	1.300	7.865	1.500
118.125	140	111.668	1.329	6.457	1.500
50.625	141	39.632	1.197	10.993	1.500
95.625	142	90.756	1.273	4.869	1.500
140.625	143	139.135	1.437	1.490	1.500
174.375	144	NaN	1.500	NaN	1.500
28.125	145	33.151	1.228	5.026	1.500
163.125	146	162.349	1.304	0.776	1.500
95.625	147	89.701	1.116	5.924	1.500
106.875	148	104.735	1.152	2.140	1.500
50.625	149	69.340	1.132	18.715	1.500
73.125	150	67.751	1.104	5.374	1.500
84.375	151	79.587	1.172	4.788	1.500
39.375	152	35.285	1.112	4.090	1.500
61.875	153	62.112	1.068	0.237	1.500
140.625	154	143.083	1.320	2.458	1.500
16.875	155	17.323	1.196	0.448	1.500
5.625	156	5.785	1.256	0.160	1.500
174.375	157	NaN	1.500	NaN	1.500
129.375	158	128.826	1.392	0.549	1.500
151.875	159	NaN	1.500	NaN	1.500
118.125	160	115.504	1.280	2.621	1.500
61.875	161	62.212	1.147	0.337	1.500
39.375	162	40.541	1.127	1.166	1.500
163.125	163	172.449	1.467	9.324	1.500
140.625	164	131.155	1.183	9.470	1.500
129.375	165	129.901	1.179	0.526	1.500
28.125	166	29.523	1.287	1.398	1.500
16.875	167	16.187	1.411	0.688	1.500
118.125	168	123.195	1.223	5.070	1.500
95.625	169	96.860	1.147	1.235	1.500
106.875	170	109.047	1.079	2.172	1.500
50.625	171	54.763	1.227	4.138	1.500
84.375	172	86.666	0.935	2.291	1.500
5.625	173	7.041	1.187	1.416	1.500
174.375	174	179.253	1.415	4.878	1.500
151.875	175	152.567	1.419	0.692	1.500
73.125	176	70.665	1.222	2.460	1.500
174.375	177	NaN	1.500	NaN	1.500
129.375	178	124.062	1.294	5.313	1.500
106.875	179	102.292	1.242	4.583	1.500
163.125	180	164.743	1.446	1.618	1.500
61.875	181	59.052	1.042	2.823	1.500
28.125	182	28.489	1.302	0.364	1.500
151.875	183	146.962	1.450	4.913	1.500
95.625	184	94.685	1.342	0.940	1.500
39.375	185	38.135	1.130	1.240	1.500
140.625	186	137.387	1.454	3.238	1.500
5.625	187	6.014	1.234	0.389	1.500
16.875	188	19.166	1.270	2.291	1.500
84.375	189	81.326	1.242	3.049	1.500
50.625	190	49.357	1.262	1.268	1.500
118.125	191	113.697	1.266	4.428	1.500
73.125	192	73.159	1.197	0.034	1.500
163.125	193	163.664	1.297	0.539	1.500
95.625	194	91.871	1.109	3.754	1.500
28.125	195	23.619	1.129	4.506	1.500
140.625	196	133.979	1.237	6.646	1.500
118.125	197	119.331	1.289	1.206	1.500
50.625	198	50.599	1.221	0.026	1.500
151.875	199	151.205	1.433	0.670	1.500
16.875	200	14.912	1.373	1.963	1.500
84.375	201	80.086	1.273	4.289	1.500
174.375	202	180.000	1.365	9.075	1.500
39.375	203	35.461	1.057	3.914	1.500
73.125	204	74.306	0.965	1.181	1.500
61.875	205	48.826	1.057	13.049	1.500
129.375	206	118.286	1.085	11.089	1.500
106.875	207	101.970	0.993	4.905	1.500
5.625	208	9.617	1.245	3.992	1.500
16.875	209	19.271	1.457	2.396	1.500
5.625	210	NaN	1.500	NaN	1.500
39.375	211	42.664	1.433	3.289	1.500
140.625	212	125.730	1.348	14.895	1.500
61.875	213	61.847	1.088	0.028	1.500
174.375	214	176.795	1.404	2.420	1.500
163.125	215	NaN	1.500	NaN	1.500
151.875	216	143.975	1.116	7.900	1.500
73.125	217	78.389	1.176	5.264	1.500
50.625	218	46.443	1.124	4.182	1.500
28.125	219	24.749	1.344	3.376	1.500
118.125	220	107.458	1.044	10.667	1.500
106.875	221	101.349	1.104	5.526	1.500
129.375	222	128.641	1.236	0.734	1.500
95.625	223	94.892	1.056	0.733	1.500
84.375	224	81.202	0.980	3.173	1.500
73.125	225	75.578	1.072	2.453	1.500
129.375	226	NaN	1.500	NaN	1.500
95.625	227	95.639	1.079	0.014	1.500
39.375	228	39.838	1.323	0.463	1.500
16.875	229	12.623	1.399	4.252	1.500
5.625	230	15.172	1.419	9.547	1.500
28.125	231	25.978	1.015	2.147	1.500
84.375	232	75.725	1.163	8.650	1.500
163.125	233	NaN	1.500	NaN	1.500
174.375	234	NaN	1.500	NaN	1.500
106.875	235	109.761	1.111	2.886	1.500
50.625	236	43.632	1.091	6.993	1.500
140.625	237	136.344	1.359	4.281	1.500
61.875	238	60.148	1.035	1.727	1.500
118.125	239	120.575	1.111	2.450	1.500
151.875	240	152.292	1.347	0.417	1.500
