73.125	1	79.317	0.393	6.192	5	19.656
73.125	2	NaN	1.500	NaN	4	NaN
73.125	3	110.442	1.446	37.317	3	17.927
73.125	4	23.969	1.310	49.156	6	17.269
73.125	5	170.664	1.005	97.539	2	14.581
73.125	6	37.445	1.035	35.680	5	18.018
73.125	7	0.000	0.867	78.441	6	15.642
73.125	8	73.497	0.987	0.372	2	19.979
73.125	9	51.216	1.116	21.909	3	18.783
73.125	10	85.827	0.876	12.702	4	19.294
73.125	11	109.191	1.068	36.066	6	17.996
73.125	12	56.192	0.893	16.933	4	19.059
73.125	13	67.224	0.838	5.901	5	19.672
73.125	14	76.982	0.999	3.857	3	19.786
73.125	15	53.134	0.832	19.991	2	18.889
118.125	1	NaN	1.500	NaN	2	NaN
118.125	2	45.010	0.856	73.115	3	15.938
118.125	3	135.692	1.001	17.567	6	19.024
118.125	4	NaN	1.500	NaN	4	NaN
118.125	5	NaN	1.500	NaN	5	NaN
118.125	6	99.302	0.947	18.823	6	18.954
118.125	7	7.241	1.084	110.884	2	13.840
118.125	8	NaN	1.500	NaN	4	NaN
118.125	9	166.421	0.990	48.296	5	17.317
118.125	10	101.327	1.063	16.798	3	19.067
118.125	11	142.739	1.015	24.614	2	18.633
118.125	12	115.526	1.168	2.599	3	19.856
118.125	13	116.376	1.081	1.749	4	19.903
118.125	14	99.182	0.994	18.943	6	18.948
118.125	15	NaN	1.500	NaN	5	NaN
16.875	1	NaN	1.500	NaN	2	NaN
16.875	2	NaN	1.500	NaN	3	NaN
16.875	3	34.380	0.790	17.505	6	19.028
16.875	4	NaN	1.500	NaN	5	NaN
16.875	5	140.768	0.864	123.893	4	13.117
16.875	6	88.791	0.849	71.916	4	16.005
16.875	7	83.441	0.842	66.566	2	16.302
16.875	8	101.380	0.979	84.505	3	15.305
16.875	9	0.000	1.132	22.390	6	18.756
16.875	10	0.000	0.924	18.161	5	18.991
16.875	11	NaN	1.500	NaN	4	NaN
16.875	12	3.436	0.950	13.439	3	19.253
16.875	13	5.423	1.023	11.452	2	19.364
16.875	14	17.256	1.200	0.381	5	19.979
16.875	15	11.259	0.977	5.616	6	19.688
5.625	1	21.072	1.025	15.447	5	19.142
5.625	2	165.279	0.810	159.654	2	11.130
5.625	3	74.391	1.051	68.766	3	16.180
5.625	4	1.280	0.916	4.345	4	19.759
5.625	5	7.618	0.853	1.993	6	19.889
5.625	6	46.205	0.902	40.580	6	17.746
5.625	7	13.197	0.839	7.572	4	19.579
5.625	8	7.785	0.808	2.160	2	19.880
5.625	9	18.285	0.896	12.660	5	19.297
5.625	10	3.534	0.897	2.091	3	19.884
5.625	11	6.276	0.954	0.651	3	19.964
5.625	12	6.332	0.843	0.707	6	19.961
5.625	13	5.839	0.868	0.214	2	19.988
5.625	14	14.925	0.972	9.300	4	19.483
5.625	15	15.197	1.021	9.572	5	19.468
163.125	1	0.000	1.197	164.287	3	10.873
163.125	2	NaN	1.500	NaN	4	NaN
163.125	3	NaN	1.500	NaN	6	NaN
163.125	4	NaN	1.500	NaN	2	NaN
163.125	5	161.288	0.945	1.837	5	19.898
163.125	6	NaN	1.500	NaN	3	NaN
163.125	7	164.539	0.907	1.414	2	19.921
163.125	8	126.404	0.916	36.721	6	17.960
163.125	9	149.158	0.805	13.967	5	19.224
163.125	10	NaN	1.500	NaN	4	NaN
163.125	11	180.000	0.998	22.406	6	18.755
163.125	12	149.472	0.879	13.653	4	19.242
163.125	13	145.419	0.944	17.706	5	19.016
163.125	14	148.557	0.945	14.568	2	19.191
163.125	15	135.089	1.041	28.036	3	18.442
174.375	1	8.525	1.218	165.850	2	10.786
174.375	2	172.108	0.939	2.267	3	19.874
174.375	3	88.562	0.876	85.813	4	15.233
174.375	4	129.098	0.749	45.277	5	17.485
174.375	5	171.317	0.822	3.058	6	19.830
174.375	6	158.953	0.895	15.422	4	19.143
174.375	7	168.274	1.104	6.101	3	19.661
174.375	8	175.668	0.961	1.293	6	19.928
174.375	9	180.000	0.897	9.084	5	19.495
174.375	10	NaN	1.500	NaN	2	NaN
174.375	11	NaN	1.500	NaN	4	NaN
174.375	12	165.893	0.907	8.482	6	19.529
174.375	13	NaN	1.500	NaN	5	NaN
174.375	14	168.664	1.165	5.711	2	19.683
174.375	15	161.760	1.165	12.615	3	19.299
28.125	1	4.920	1.262	23.205	3	18.711
28.125	2	180.000	1.047	155.459	6	11.363
28.125	3	62.647	0.936	34.522	5	18.082
28.125	4	64.522	1.041	36.397	2	17.978
28.125	5	63.445	0.930	35.320	4	18.038
28.125	6	70.241	0.979	42.116	6	17.660
28.125	7	50.540	0.916	22.415	4	18.755
28.125	8	97.752	0.892	69.627	2	16.132
28.125	9	60.364	1.037	32.239	5	18.209
28.125	10	48.576	0.798	20.451	3	18.864
28.125	11	61.943	0.935	33.818	5	18.121
28.125	12	65.384	0.936	37.259	3	17.930
28.125	13	75.425	1.049	47.300	4	17.372
28.125	14	57.435	0.962	29.310	6	18.372
28.125	15	55.317	0.963	27.192	2	18.489
129.375	1	3.792	1.340	125.583	3	13.023
129.375	2	180.000	0.789	53.245	5	17.042
129.375	3	129.995	1.149	0.620	4	19.966
129.375	4	40.085	0.933	89.290	6	15.039
129.375	5	85.474	0.846	43.901	2	17.561
129.375	6	159.244	1.327	29.869	6	18.341
129.375	7	113.041	0.872	16.334	4	19.093
129.375	8	136.992	0.960	7.617	5	19.577
129.375	9	126.629	0.913	2.746	2	19.847
129.375	10	102.746	0.969	26.629	3	18.521
129.375	11	139.312	0.834	9.937	5	19.448
129.375	12	119.702	1.018	9.673	3	19.463
129.375	13	129.467	0.827	0.092	6	19.995
129.375	14	134.744	1.036	5.369	2	19.702
129.375	15	109.886	0.861	19.489	4	18.917
61.875	1	28.361	0.843	33.514	5	18.138
61.875	2	180.000	0.820	127.960	4	12.891
61.875	3	1.822	0.861	60.053	3	16.664
61.875	4	82.203	0.893	20.328	6	18.871
61.875	5	64.193	0.910	2.318	2	19.871
61.875	6	NaN	1.500	NaN	3	NaN
61.875	7	49.387	0.952	12.488	2	19.306
61.875	8	68.657	0.961	6.782	5	19.623
61.875	9	77.501	0.922	15.626	6	19.132
61.875	10	69.098	0.899	7.223	4	19.599
61.875	11	69.242	1.067	7.367	6	19.591
61.875	12	64.617	0.820	2.742	4	19.848
61.875	13	72.446	0.901	10.571	3	19.413
61.875	14	71.839	0.950	9.964	2	19.446
61.875	15	70.939	0.975	9.064	5	19.496
140.625	1	0.000	1.064	141.477	5	12.140
140.625	2	140.423	1.032	0.202	6	19.989
140.625	3	NaN	1.500	NaN	3	NaN
140.625	4	NaN	1.500	NaN	2	NaN
140.625	5	173.330	0.899	32.705	4	18.183
140.625	6	120.572	0.923	20.053	4	18.886
140.625	7	82.351	0.844	58.274	3	16.763
140.625	8	136.079	0.869	4.546	6	19.747
140.625	9	161.581	0.910	20.956	5	18.836
140.625	10	108.700	0.911	31.925	2	18.226
140.625	11	129.767	1.000	10.858	4	19.397
140.625	12	145.023	0.849	4.398	2	19.756
140.625	13	143.093	1.010	2.468	6	19.863
140.625	14	146.149	0.867	5.524	5	19.693
140.625	15	137.912	0.940	2.713	3	19.849
39.375	1	0.000	1.205	48.024	4	17.332
39.375	2	180.000	0.861	143.418	3	12.032
39.375	3	51.422	1.046	12.047	6	19.331
39.375	4	55.862	0.871	16.487	2	19.084
39.375	5	65.944	1.208	26.569	5	18.524
39.375	6	36.451	0.865	2.924	3	19.838
39.375	7	88.978	0.873	49.603	6	17.244
39.375	8	54.092	0.882	14.717	2	19.182
39.375	9	65.617	0.915	26.242	5	18.542
39.375	10	66.535	0.932	27.160	4	18.491
39.375	11	80.503	0.885	41.128	2	17.715
39.375	12	65.750	0.837	26.375	6	18.535
39.375	13	67.140	0.783	27.765	4	18.458
39.375	14	68.508	1.095	29.133	5	18.382
39.375	15	67.360	0.704	27.985	3	18.445
151.875	1	NaN	1.500	NaN	6	NaN
151.875	2	0.000	0.994	158.020	3	11.221
151.875	3	178.183	0.963	26.308	5	18.538
151.875	4	105.405	0.972	46.470	2	17.418
151.875	5	176.443	1.164	24.568	4	18.635
151.875	6	96.180	0.981	55.695	3	16.906
151.875	7	131.670	1.030	20.205	5	18.878
151.875	8	154.083	1.071	2.208	6	19.877
151.875	9	102.037	1.024	49.838	4	17.231
151.875	10	152.627	0.992	0.752	2	19.958
151.875	11	NaN	1.500	NaN	2	NaN
151.875	12	168.788	0.882	16.913	5	19.060
151.875	13	152.317	0.979	0.442	4	19.975
151.875	14	153.662	0.860	1.787	6	19.901
151.875	15	154.411	0.836	2.536	3	19.859
106.875	1	0.000	1.037	107.520	6	14.027
106.875	2	180.000	0.926	73.339	2	15.926
106.875	3	110.189	1.038	3.314	5	19.816
106.875	4	173.214	1.023	66.339	4	16.314
106.875	5	117.205	0.968	10.330	3	19.426
106.875	6	NaN	1.500	NaN	4	NaN
106.875	7	163.413	0.922	56.538	2	16.859
106.875	8	115.273	0.859	8.398	3	19.533
106.875	9	116.492	0.908	9.617	5	19.466
106.875	10	134.237	0.940	27.362	6	18.480
106.875	11	113.249	0.829	6.374	2	19.646
106.875	12	125.667	0.878	18.792	4	18.956
106.875	13	123.642	0.831	16.767	3	19.068
106.875	14	117.655	0.768	10.780	5	19.401
106.875	15	115.872	0.905	8.997	6	19.500
50.625	1	0.000	1.034	54.730	4	16.959
50.625	2	180.000	0.914	131.649	2	12.686
50.625	3	60.748	1.243	10.123	5	19.438
50.625	4	12.903	0.988	37.722	6	17.904
50.625	5	87.109	0.061	36.484	3	17.973
50.625	6	18.629	1.149	31.996	6	18.222
50.625	7	52.757	0.806	2.132	2	19.882
50.625	8	20.504	0.871	30.121	5	18.327
50.625	9	78.949	0.808	28.324	3	18.426
50.625	10	47.402	0.913	3.223	4	19.821
50.625	11	60.342	0.841	9.717	4	19.460
50.625	12	NaN	1.500	NaN	5	NaN
50.625	13	48.425	0.787	2.200	3	19.878
50.625	14	62.542	0.805	11.917	2	19.338
50.625	15	19.981	0.949	30.644	6	18.298
84.375	1	NaN	1.500	NaN	3	NaN
84.375	2	0.000	0.854	85.675	4	15.240
84.375	3	180.000	1.063	97.138	2	14.603
84.375	4	NaN	1.500	NaN	6	NaN
84.375	5	89.482	0.857	5.107	5	19.716
84.375	6	49.211	0.842	35.164	5	18.046
84.375	7	135.143	1.019	50.768	6	17.180
84.375	8	69.599	0.836	14.776	2	19.179
84.375	9	54.346	0.957	30.029	4	18.332
84.375	10	88.288	0.773	3.913	3	19.783
84.375	11	NaN	1.500	NaN	2	NaN
84.375	12	76.254	0.887	8.121	3	19.549
84.375	13	80.685	0.752	3.690	6	19.795
84.375	14	79.097	0.761	5.278	5	19.707
84.375	15	NaN	1.500	NaN	4	NaN
95.625	1	NaN	1.500	NaN	5	NaN
95.625	2	6.195	0.866	89.430	4	15.032
95.625	3	180.000	0.906	85.974	6	15.224
95.625	4	0.000	0.979	103.226	2	14.265
95.625	5	NaN	1.500	NaN	3	NaN
95.625	6	NaN	1.500	NaN	3	NaN
95.625	7	NaN	1.500	NaN	6	NaN
95.625	8	93.033	0.983	2.592	2	19.856
95.625	9	72.026	0.824	23.599	4	18.689
95.625	10	112.020	0.944	16.395	5	19.089
95.625	11	NaN	1.500	NaN	3	NaN
95.625	12	113.689	0.834	18.064	6	18.996
95.625	13	121.737	1.051	26.112	5	18.549
95.625	14	93.473	0.876	2.152	4	19.880
95.625	15	109.405	0.997	13.780	2	19.234
