95.625	1	73.417	0.965	22.208	6	18.766
95.625	2	120.179	0.891	24.554	5	18.636
95.625	3	NaN	1.500	NaN	3	NaN
95.625	4	90.979	0.931	4.646	4	19.742
95.625	5	NaN	1.500	NaN	2	NaN
95.625	6	82.347	0.856	13.278	6	19.262
95.625	7	108.808	0.753	13.183	5	19.268
95.625	8	88.825	0.803	6.800	2	19.622
95.625	9	109.400	1.145	13.775	3	19.235
95.625	10	104.307	0.848	8.682	4	19.518
95.625	11	94.094	0.960	1.531	5	19.915
95.625	12	113.571	0.905	17.946	4	19.003
95.625	13	165.485	0.866	69.860	2	16.119
95.625	14	150.119	1.011	54.494	3	16.973
95.625	15	95.673	0.764	0.048	6	19.997
163.125	1	NaN	1.500	NaN	2	NaN
163.125	2	35.795	0.932	127.330	3	12.926
163.125	3	68.172	0.893	94.953	4	14.725
163.125	4	134.947	0.838	28.178	5	18.435
163.125	5	NaN	1.500	NaN	6	NaN
163.125	6	NaN	1.500	NaN	3	NaN
163.125	7	133.556	0.776	29.569	2	18.357
163.125	8	122.876	0.905	40.249	5	17.764
163.125	9	88.629	0.786	74.496	6	15.861
163.125	10	151.049	0.859	12.076	4	19.329
163.125	11	149.959	0.868	13.166	2	19.269
163.125	12	138.780	0.949	24.345	6	18.648
163.125	13	152.188	0.821	10.937	3	19.392
163.125	14	NaN	1.500	NaN	4	NaN
163.125	15	170.855	0.823	7.730	5	19.571
28.125	1	NaN	1.500	NaN	6	NaN
28.125	2	81.748	0.761	53.623	4	17.021
28.125	3	166.864	0.865	138.739	5	12.292
28.125	4	138.753	0.794	110.628	3	13.854
28.125	5	88.879	0.923	60.754	2	16.625
28.125	6	18.508	0.860	9.617	2	19.466
28.125	7	29.945	0.900	1.820	5	19.899
28.125	8	NaN	1.500	NaN	4	NaN
28.125	9	NaN	1.500	NaN	6	NaN
28.125	10	37.376	0.791	9.251	3	19.486
28.125	11	43.811	0.864	15.686	4	19.129
28.125	12	NaN	1.500	NaN	2	NaN
28.125	13	25.506	0.849	2.619	6	19.855
28.125	14	NaN	1.500	NaN	3	NaN
28.125	15	0.000	0.883	28.219	5	18.432
61.875	1	NaN	1.500	NaN	5	NaN
61.875	2	80.683	0.885	18.808	6	18.955
61.875	3	NaN	1.500	NaN	3	NaN
61.875	4	10.243	1.055	51.632	4	17.132
61.875	5	41.062	0.855	20.813	2	18.844
61.875	6	138.314	0.992	76.439	5	15.753
61.875	7	66.612	0.833	4.737	3	19.737
61.875	8	74.583	0.930	12.708	2	19.294
61.875	9	87.026	0.747	25.151	4	18.603
61.875	10	75.876	0.756	14.001	6	19.222
61.875	11	82.985	0.724	21.110	5	18.827
61.875	12	63.782	0.973	1.907	6	19.894
61.875	13	68.493	0.693	6.618	2	19.632
61.875	14	NaN	1.500	NaN	3	NaN
61.875	15	41.546	0.991	20.329	4	18.871
73.125	1	78.867	1.175	5.742	5	19.681
73.125	2	146.961	0.776	73.836	6	15.898
73.125	3	72.755	0.865	0.370	2	19.979
73.125	4	76.384	0.930	3.259	3	19.819
73.125	5	84.163	0.747	11.038	4	19.387
73.125	6	87.373	0.795	14.248	3	19.208
73.125	7	90.698	0.748	17.573	6	19.024
73.125	8	109.308	0.765	36.183	5	17.990
73.125	9	75.501	0.758	2.376	2	19.868
73.125	10	70.818	0.847	2.307	4	19.872
73.125	11	NaN	1.500	NaN	2	NaN
73.125	12	78.258	0.857	5.133	5	19.715
73.125	13	NaN	1.500	NaN	4	NaN
73.125	14	80.256	0.770	7.131	3	19.604
73.125	15	76.917	1.139	3.792	6	19.789
16.875	1	NaN	1.500	NaN	2	NaN
16.875	2	85.739	0.708	68.864	6	16.174
16.875	3	34.422	0.749	17.547	5	19.025
16.875	4	23.505	0.838	6.630	4	19.632
16.875	5	52.563	0.783	35.688	3	18.017
16.875	6	NaN	1.500	NaN	4	NaN
16.875	7	NaN	1.500	NaN	5	NaN
16.875	8	140.899	0.713	124.024	3	13.110
16.875	9	NaN	1.500	NaN	2	NaN
16.875	10	11.717	0.843	5.158	6	19.713
16.875	11	40.662	0.780	23.787	6	18.678
16.875	12	70.475	0.724	53.600	4	17.022
16.875	13	NaN	1.500	NaN	2	NaN
16.875	14	37.966	1.014	21.091	3	18.828
16.875	15	44.986	0.815	28.111	5	18.438
174.375	1	79.228	1.183	95.147	4	14.714
174.375	2	NaN	1.500	NaN	3	NaN
174.375	3	164.086	0.857	10.289	5	19.428
174.375	4	180.000	0.873	10.600	6	19.411
174.375	5	NaN	1.500	NaN	2	NaN
174.375	6	180.000	0.834	13.085	6	19.273
174.375	7	176.059	0.891	1.684	2	19.906
174.375	8	NaN	1.500	NaN	5	NaN
174.375	9	180.000	0.789	6.190	4	19.656
174.375	10	164.738	0.750	9.637	3	19.465
174.375	11	NaN	1.500	NaN	3	NaN
174.375	12	NaN	1.500	NaN	2	NaN
174.375	13	169.575	0.849	4.800	4	19.733
174.375	14	180.000	0.826	17.473	6	19.029
174.375	15	170.677	0.747	3.698	5	19.795
84.375	1	NaN	1.500	NaN	3	NaN
84.375	2	90.067	0.724	5.692	2	19.684
84.375	3	105.772	0.877	21.397	6	18.811
84.375	4	107.234	0.782	22.859	4	18.730
84.375	5	100.534	0.767	16.159	5	19.102
84.375	6	75.109	0.960	9.266	2	19.485
84.375	7	88.785	0.857	4.410	5	19.755
84.375	8	115.754	0.769	31.379	4	18.257
84.375	9	97.397	0.770	13.022	6	19.277
84.375	10	NaN	1.500	NaN	3	NaN
84.375	11	120.588	0.964	36.213	2	17.988
84.375	12	101.019	0.781	16.644	3	19.075
84.375	13	106.169	0.766	21.794	6	18.789
84.375	14	NaN	1.500	NaN	5	NaN
84.375	15	114.553	0.712	30.178	4	18.323
140.625	1	84.826	0.659	55.799	5	16.900
140.625	2	26.843	0.740	113.782	6	13.679
140.625	3	161.435	0.941	20.810	3	18.844
140.625	4	NaN	1.500	NaN	2	NaN
140.625	5	144.776	1.046	4.151	4	19.769
140.625	6	138.243	0.687	2.382	4	19.868
140.625	7	153.241	0.816	12.616	6	19.299
140.625	8	138.566	0.777	2.059	3	19.886
140.625	9	115.233	0.794	25.392	2	18.589
140.625	10	140.721	0.747	0.096	5	19.995
140.625	11	173.108	0.899	32.483	4	18.195
140.625	12	160.714	0.820	20.089	5	18.884
140.625	13	158.022	0.685	17.397	6	19.034
140.625	14	152.767	0.846	12.142	2	19.325
140.625	15	160.137	0.943	19.512	3	18.916
118.125	1	85.400	1.055	32.725	6	18.182
118.125	2	71.405	0.864	46.720	2	17.404
118.125	3	88.376	0.809	29.749	5	18.347
118.125	4	123.808	0.818	5.683	4	19.684
118.125	5	116.117	0.731	2.008	3	19.888
118.125	6	152.029	0.852	33.904	2	18.116
118.125	7	95.217	0.773	22.908	3	18.727
118.125	8	108.208	0.741	9.917	6	19.449
118.125	9	123.447	0.782	5.322	4	19.704
118.125	10	117.218	0.719	0.907	5	19.950
118.125	11	112.301	0.792	5.824	4	19.676
118.125	12	108.224	0.721	9.901	5	19.450
118.125	13	119.750	0.778	1.625	2	19.910
118.125	14	139.913	1.099	21.788	6	18.790
118.125	15	136.889	0.827	18.764	3	18.958
5.625	1	87.139	1.284	81.514	2	15.471
5.625	2	106.885	0.853	101.260	5	14.374
5.625	3	48.725	0.797	43.100	3	17.606
5.625	4	NaN	1.500	NaN	6	NaN
5.625	5	65.044	0.751	59.419	4	16.699
5.625	6	73.872	0.784	68.247	6	16.209
5.625	7	31.799	0.721	26.174	2	18.546
5.625	8	105.835	1.057	100.210	3	14.433
5.625	9	169.628	1.034	164.003	5	10.889
5.625	10	49.895	0.786	44.270	4	17.541
5.625	11	61.139	0.827	55.514	2	16.916
5.625	12	NaN	1.500	NaN	3	NaN
5.625	13	49.712	0.853	44.087	5	17.551
5.625	14	54.888	0.965	49.263	4	17.263
5.625	15	66.322	0.854	60.697	6	16.628
151.875	1	NaN	1.500	NaN	4	NaN
151.875	2	84.055	0.664	67.820	6	16.232
151.875	3	138.375	0.769	13.500	3	19.250
151.875	4	175.074	0.905	23.199	2	18.711
151.875	5	NaN	1.500	NaN	5	NaN
151.875	6	165.158	0.891	13.283	4	19.262
151.875	7	143.707	0.764	8.168	2	19.546
151.875	8	166.619	1.173	14.744	6	19.181
151.875	9	NaN	1.500	NaN	3	NaN
151.875	10	180.000	0.830	37.045	5	17.942
151.875	11	NaN	1.500	NaN	4	NaN
151.875	12	168.593	0.808	16.718	2	19.071
151.875	13	150.236	0.803	1.639	6	19.909
151.875	14	139.497	0.729	12.378	5	19.312
151.875	15	129.037	0.834	22.838	3	18.731
39.375	1	78.475	1.347	39.100	3	17.828
39.375	2	125.600	0.836	86.225	5	15.210
39.375	3	91.765	0.676	52.390	6	17.089
39.375	4	9.822	0.661	29.553	4	18.358
39.375	5	NaN	1.500	NaN	2	NaN
39.375	6	25.223	0.797	14.152	3	19.214
39.375	7	61.730	0.654	22.355	6	18.758
39.375	8	83.252	0.806	43.877	4	17.562
39.375	9	159.691	0.855	120.316	2	13.316
39.375	10	120.862	0.848	81.487	5	15.473
39.375	11	38.059	0.729	1.316	6	19.927
39.375	12	21.606	0.706	17.769	4	19.013
39.375	13	48.564	0.850	9.189	5	19.490
39.375	14	23.872	0.843	15.503	2	19.139
39.375	15	3.789	0.868	35.586	3	18.023
106.875	1	167.148	1.069	60.273	3	16.652
106.875	2	133.703	0.741	26.828	4	18.510
106.875	3	97.058	0.654	9.817	6	19.455
106.875	4	45.599	0.783	61.276	5	16.596
106.875	5	68.031	0.688	38.844	2	17.842
106.875	6	6.598	0.753	100.277	5	14.429
106.875	7	77.768	0.753	29.107	4	18.383
106.875	8	90.448	0.618	16.427	3	19.087
106.875	9	118.641	0.931	11.766	6	19.346
106.875	10	141.671	0.740	34.796	2	18.067
106.875	11	129.721	0.845	22.846	5	18.731
106.875	12	125.693	0.749	18.818	6	18.955
106.875	13	125.429	0.774	18.554	2	18.969
106.875	14	108.699	1.079	1.824	3	19.899
106.875	15	125.531	0.672	18.656	4	18.964
129.375	1	73.213	1.409	56.162	6	16.880
129.375	2	15.158	0.826	114.217	4	13.655
129.375	3	40.219	0.707	89.156	5	15.047
129.375	4	85.294	0.668	44.081	3	17.551
129.375	5	134.354	0.996	4.979	2	19.723
129.375	6	118.943	0.701	10.432	2	19.420
129.375	7	168.724	0.806	39.349	3	17.814
129.375	8	162.071	0.830	32.696	6	18.184
129.375	9	106.521	0.735	22.854	4	18.730
129.375	10	103.085	0.832	26.290	5	18.539
129.375	11	93.181	0.689	36.194	6	17.989
129.375	12	106.718	0.913	22.657	2	18.741
129.375	13	102.401	1.050	26.974	4	18.501
129.375	14	132.162	0.787	2.787	5	19.845
129.375	15	128.192	0.868	1.183	3	19.934
50.625	1	63.341	1.197	12.716	2	19.294
50.625	2	NaN	1.500	NaN	3	NaN
50.625	3	14.490	0.774	36.135	4	17.993
50.625	4	94.555	0.726	43.930	6	17.559
50.625	5	161.692	0.831	111.067	5	13.830
50.625	6	31.944	0.680	18.681	2	18.962
50.625	7	0.185	0.849	50.440	3	17.198
50.625	8	18.553	0.681	32.072	6	18.218
50.625	9	7.974	0.794	42.651	5	17.631
50.625	10	49.463	0.787	1.162	4	19.935
50.625	11	66.761	0.828	16.136	4	19.104
50.625	12	50.390	0.716	0.235	2	19.987
50.625	13	58.778	0.821	8.153	3	19.547
50.625	14	74.189	0.726	23.564	6	18.691
50.625	15	35.605	0.855	15.020	5	19.166
