16.875	1	36.200	0.983	19.325	1.500
151.875	2	165.211	1.370	13.336	1.500
5.625	3	7.137	1.446	1.512	1.500
174.375	4	180.000	1.050	8.063	1.500
140.625	5	150.529	1.093	9.904	1.500
95.625	6	100.628	1.448	5.003	1.500
84.375	7	81.379	1.372	2.996	1.500
129.375	8	143.479	1.360	14.104	1.500
50.625	9	60.597	1.124	9.972	1.500
61.875	10	56.452	1.392	5.423	1.500
163.125	11	NaN	1.500	NaN	1.500
106.875	12	111.350	1.080	4.475	1.500
28.125	13	34.725	1.260	6.600	1.500
118.125	14	126.261	1.056	8.136	1.500
73.125	15	64.187	1.436	8.938	1.500
39.375	16	26.660	1.224	12.715	1.500
5.625	17	4.973	1.315	0.652	1.500
174.375	18	172.464	1.271	1.911	1.500
28.125	19	38.177	1.091	10.052	1.500
163.125	20	151.473	1.239	11.652	1.500
140.625	21	136.842	1.091	3.783	1.500
61.875	22	53.048	1.191	8.827	1.500
84.375	23	84.535	0.939	0.160	1.500
151.875	24	155.868	1.095	3.993	1.500
118.125	25	118.540	1.147	0.415	1.500
39.375	26	29.401	1.167	9.974	1.500
95.625	27	107.287	0.931	11.662	1.500
50.625	28	50.828	0.967	0.203	1.500
106.875	29	110.527	0.874	3.652	1.500
73.125	30	68.316	0.950	4.809	1.500
16.875	31	23.563	1.354	6.688	1.500
129.375	32	133.573	1.158	4.198	1.500
140.625	33	145.418	1.074	4.793	1.500
95.625	34	96.214	0.974	0.589	1.500
39.375	35	41.932	1.162	2.557	1.500
61.875	36	69.593	0.902	7.718	1.500
16.875	37	12.713	1.290	4.162	1.500
163.125	38	167.228	0.918	4.103	1.500
151.875	39	NaN	1.500	NaN	1.500
84.375	40	82.099	0.846	2.276	1.500
50.625	41	47.703	0.978	2.922	1.500
118.125	42	118.871	0.846	0.746	1.500
73.125	43	68.602	0.857	4.523	1.500
5.625	44	7.622	1.294	1.997	1.500
174.375	45	174.395	1.033	0.020	1.500
28.125	46	37.280	0.949	9.155	1.500
129.375	47	127.970	1.050	1.405	1.500
106.875	48	107.423	0.893	0.548	1.500
84.375	49	84.093	0.865	0.282	1.500
16.875	50	12.349	1.117	4.526	1.500
95.625	51	93.859	0.881	1.766	1.500
151.875	52	154.010	1.093	2.135	1.500
106.875	53	118.795	1.001	11.920	1.500
50.625	54	46.449	0.925	4.176	1.500
163.125	55	166.123	1.105	2.998	1.500
73.125	56	68.136	0.733	4.989	1.500
118.125	57	113.693	0.857	4.432	1.500
5.625	58	13.190	1.125	7.565	1.500
140.625	59	131.387	0.985	9.238	1.500
129.375	60	120.056	0.765	9.319	1.500
28.125	61	29.270	0.968	1.145	1.500
61.875	62	53.086	1.133	8.789	1.500
39.375	63	51.662	1.168	12.287	1.500
174.375	64	174.310	1.356	0.065	1.500
5.625	65	4.613	1.215	1.012	1.500
16.875	66	15.314	1.147	1.561	1.500
73.125	67	73.076	1.063	0.049	1.500
50.625	68	61.570	0.907	10.945	1.500
61.875	69	59.110	0.823	2.765	1.500
39.375	70	39.101	0.907	0.274	1.500
106.875	71	105.709	0.815	1.166	1.500
140.625	72	137.242	0.923	3.383	1.500
28.125	73	34.704	0.863	6.579	1.500
129.375	74	118.635	0.859	10.740	1.500
151.875	75	158.792	1.071	6.917	1.500
95.625	76	89.872	0.755	5.753	1.500
163.125	77	153.739	1.135	9.386	1.500
118.125	78	115.921	0.979	2.204	1.500
174.375	79	174.361	1.215	0.014	1.500
84.375	80	76.682	1.154	7.693	1.500
84.375	81	84.558	0.798	0.183	1.500
163.125	82	161.609	1.218	1.516	1.500
61.875	83	65.234	0.902	3.359	1.500
95.625	84	99.371	0.874	3.746	1.500
50.625	85	42.334	0.878	8.291	1.500
118.125	86	122.036	0.794	3.911	1.500
151.875	87	156.476	1.382	4.601	1.500
28.125	88	32.702	0.986	4.577	1.500
174.375	89	NaN	1.500	NaN	1.500
140.625	90	136.885	1.018	3.740	1.500
73.125	91	69.404	0.814	3.721	1.500
129.375	92	121.303	0.954	8.072	1.500
16.875	93	16.659	0.918	0.216	1.500
106.875	94	100.890	0.762	5.985	1.500
39.375	95	37.379	0.990	1.996	1.500
5.625	96	10.816	0.986	5.191	1.500
5.625	97	7.507	1.053	1.882	1.500
129.375	98	123.412	0.970	5.963	1.500
174.375	99	170.427	1.093	3.948	1.500
151.875	100	146.956	1.025	4.919	1.500
106.875	101	101.443	0.869	5.432	1.500
84.375	102	64.650	0.985	19.725	1.500
16.875	103	4.157	1.157	12.718	1.500
28.125	104	34.163	1.009	6.038	1.500
39.375	105	44.215	0.997	4.840	1.500
73.125	106	70.880	0.793	2.245	1.500
163.125	107	160.405	1.013	2.720	1.500
140.625	108	139.765	0.969	0.860	1.500
50.625	109	30.826	1.037	19.799	1.500
95.625	110	90.842	0.785	4.783	1.500
61.875	111	50.161	0.917	11.714	1.500
118.125	112	131.312	1.065	13.187	1.500
140.625	113	148.994	0.941	8.369	1.500
61.875	114	57.685	0.793	4.190	1.500
95.625	115	99.697	0.708	4.072	1.500
118.125	116	117.638	0.912	0.487	1.500
129.375	117	138.652	0.980	9.277	1.500
84.375	118	79.709	1.016	4.666	1.500
106.875	119	116.965	0.916	10.090	1.500
163.125	120	148.373	1.192	14.752	1.500
50.625	121	48.879	0.908	1.746	1.500
73.125	122	65.948	0.952	7.177	1.500
174.375	123	168.426	1.196	5.949	1.500
5.625	124	NaN	1.500	NaN	1.500
39.375	125	34.708	1.036	4.667	1.500
16.875	126	5.727	1.232	11.148	1.500
151.875	127	141.097	1.068	10.778	1.500
28.125	128	26.839	0.976	1.286	1.500
50.625	129	48.639	0.915	1.986	1.500
151.875	130	152.273	1.159	0.398	1.500
106.875	131	105.672	0.827	1.203	1.500
95.625	132	84.391	0.839	11.234	1.500
140.625	133	134.103	1.027	6.522	1.500
39.375	134	20.378	1.255	18.997	1.500
61.875	135	63.705	0.804	1.830	1.500
16.875	136	4.185	1.103	12.690	1.500
28.125	137	38.683	0.931	10.558	1.500
118.125	138	121.109	0.839	2.984	1.500
129.375	139	133.888	1.115	4.513	1.500
5.625	140	0.000	1.319	9.438	1.500
73.125	141	69.175	1.043	3.950	1.500
84.375	142	81.154	0.887	3.221	1.500
163.125	143	159.633	1.171	3.492	1.500
174.375	144	173.891	1.231	0.484	1.500
106.875	145	111.504	1.075	4.629	1.500
5.625	146	0.000	1.286	6.276	1.500
16.875	147	9.896	1.226	6.979	1.500
28.125	148	25.336	1.078	2.789	1.500
174.375	149	171.279	1.274	3.096	1.500
50.625	150	53.507	0.846	2.882	1.500
39.375	151	40.079	1.010	0.704	1.500
84.375	152	86.663	0.902	2.288	1.500
95.625	153	102.018	0.962	6.393	1.500
163.125	154	150.381	1.126	12.744	1.500
151.875	155	146.934	1.026	4.941	1.500
118.125	156	104.542	0.846	13.583	1.500
73.125	157	69.295	0.826	3.830	1.500
129.375	158	132.620	0.974	3.245	1.500
140.625	159	146.725	1.114	6.100	1.500
61.875	160	53.834	0.830	8.041	1.500
39.375	161	36.458	0.857	2.917	1.500
28.125	162	28.919	0.869	0.794	1.500
5.625	163	NaN	1.500	NaN	1.500
73.125	164	67.941	0.885	5.184	1.500
61.875	165	66.686	0.825	4.811	1.500
84.375	166	85.148	0.749	0.773	1.500
163.125	167	159.031	0.993	4.094	1.500
16.875	168	17.480	0.957	0.605	1.500
174.375	169	170.322	1.225	4.053	1.500
95.625	170	92.608	0.829	3.017	1.500
140.625	171	129.835	1.137	10.790	1.500
106.875	172	99.892	0.869	6.983	1.500
129.375	173	132.601	0.961	3.226	1.500
151.875	174	151.340	1.077	0.535	1.500
50.625	175	39.566	1.025	11.059	1.500
118.125	176	118.358	0.837	0.233	1.500
174.375	177	172.591	1.145	1.784	1.500
61.875	178	54.941	0.860	6.934	1.500
16.875	179	13.350	1.016	3.525	1.500
118.125	180	119.531	0.900	1.406	1.500
39.375	181	35.907	0.832	3.468	1.500
129.375	182	131.276	0.844	1.901	1.500
140.625	183	151.516	0.984	10.891	1.500
84.375	184	79.857	0.796	4.518	1.500
28.125	185	24.936	0.960	3.189	1.500
95.625	186	96.673	0.804	1.048	1.500
151.875	187	147.712	0.920	4.163	1.500
163.125	188	154.039	1.124	9.086	1.500
50.625	189	42.795	0.872	7.830	1.500
73.125	190	78.320	0.756	5.195	1.500
106.875	191	106.244	0.776	0.631	1.500
5.625	192	7.250	1.148	1.625	1.500
129.375	193	119.614	1.008	9.761	1.500
61.875	194	57.995	0.772	3.880	1.500
5.625	195	10.812	1.208	5.187	1.500
174.375	196	171.868	1.267	2.507	1.500
73.125	197	74.391	0.831	1.266	1.500
50.625	198	28.114	0.908	22.511	1.500
16.875	199	NaN	1.500	NaN	1.500
106.875	200	106.945	1.035	0.070	1.500
39.375	201	34.394	0.871	4.981	1.500
163.125	202	154.721	0.987	8.404	1.500
95.625	203	99.652	0.759	4.027	1.500
151.875	204	143.453	1.267	8.422	1.500
140.625	205	124.735	0.983	15.890	1.500
84.375	206	75.183	0.827	9.192	1.500
118.125	207	115.707	0.991	2.418	1.500
28.125	208	27.112	1.019	1.013	1.500
84.375	209	78.471	0.735	5.904	1.500
61.875	210	64.009	0.803	2.134	1.500
140.625	211	148.119	0.975	7.494	1.500
174.375	212	174.443	1.187	0.068	1.500
28.125	213	26.513	0.991	1.612	1.500
129.375	214	124.245	0.858	5.130	1.500
39.375	215	42.001	0.830	2.626	1.500
73.125	216	70.630	0.805	2.495	1.500
16.875	217	NaN	1.500	NaN	1.500
151.875	218	148.074	0.922	3.801	1.500
95.625	219	88.169	1.030	7.456	1.500
163.125	220	154.664	0.930	8.461	1.500
5.625	221	3.015	1.134	2.610	1.500
50.625	222	53.008	0.986	2.383	1.500
118.125	223	120.368	0.854	2.243	1.500
106.875	224	99.099	0.786	7.776	1.500
39.375	225	45.162	0.830	5.787	1.500
118.125	226	109.894	0.778	8.231	1.500
106.875	227	98.859	0.846	8.016	1.500
163.125	228	162.936	1.130	0.189	1.500
28.125	229	29.927	0.822	1.802	1.500
50.625	230	51.586	0.826	0.961	1.500
16.875	231	9.373	1.142	7.502	1.500
73.125	232	66.073	0.689	7.052	1.500
151.875	233	150.020	1.061	1.855	1.500
95.625	234	94.481	0.721	1.144	1.500
84.375	235	71.082	0.813	13.293	1.500
129.375	236	132.620	0.905	3.245	1.500
174.375	237	NaN	1.500	NaN	1.500
140.625	238	133.040	0.905	7.585	1.500
5.625	239	4.837	1.093	0.788	1.500
61.875	240	61.187	0.785	0.688	1.500
