73.125	1	NaN	1.480	NaN	3	NaN
73.125	2	NaN	1.480	NaN	2	NaN
73.125	3	NaN	1.480	NaN	5	NaN
73.125	4	NaN	1.480	NaN	4	NaN
73.125	5	NaN	1.480	NaN	6	NaN
73.125	6	20.703	0.723	52.422	2	17.088
73.125	7	NaN	1.480	NaN	6	NaN
73.125	8	NaN	1.480	NaN	5	NaN
73.125	9	163.917	1.328	90.792	4	14.956
73.125	10	73.466	0.940	0.341	3	19.981
73.125	11	82.875	0.671	9.750	5	19.458
73.125	12	56.405	0.709	16.720	4	19.071
73.125	13	53.299	0.703	19.826	2	18.899
73.125	14	54.225	1.211	18.900	3	18.950
73.125	15	64.142	0.583	8.983	6	19.501
84.375	1	NaN	1.480	NaN	6	NaN
84.375	2	89.151	0.650	4.776	5	19.735
84.375	3	NaN	1.480	NaN	4	NaN
84.375	4	24.367	0.685	60.008	2	16.666
84.375	5	NaN	1.480	NaN	3	NaN
84.375	6	158.048	1.001	73.673	3	15.907
84.375	7	NaN	1.480	NaN	5	NaN
84.375	8	45.759	0.804	38.616	4	17.855
84.375	9	NaN	1.480	NaN	2	NaN
84.375	10	NaN	1.480	NaN	6	NaN
84.375	11	NaN	1.480	NaN	6	NaN
84.375	12	21.555	0.673	62.820	5	16.510
84.375	13	94.923	0.757	10.548	2	19.414
84.375	14	138.308	1.337	53.933	3	17.004
84.375	15	130.263	0.869	45.888	4	17.451
140.625	1	NaN	1.498	NaN	6	NaN
140.625	2	17.756	0.733	122.869	4	13.174
140.625	3	170.703	0.769	30.078	3	18.329
140.625	4	156.189	1.357	15.564	2	19.135
140.625	5	139.887	1.074	0.738	5	19.959
140.625	6	126.185	0.725	14.440	6	19.198
140.625	7	151.793	0.705	11.168	5	19.380
140.625	8	154.374	0.941	13.749	4	19.236
140.625	9	153.822	0.905	13.197	3	19.267
140.625	10	NaN	1.488	NaN	2	NaN
140.625	11	154.531	0.836	13.906	3	19.227
140.625	12	152.725	0.857	12.100	5	19.328
140.625	13	152.589	1.436	11.964	2	19.335
140.625	14	153.029	1.048	12.404	4	19.311
140.625	15	145.039	0.748	4.414	6	19.755
118.125	1	NaN	1.482	NaN	4	NaN
118.125	2	9.995	0.827	108.130	6	13.993
118.125	3	173.882	0.703	55.757	3	16.902
118.125	4	81.925	0.867	36.200	2	17.989
118.125	5	135.324	0.983	17.199	5	19.045
118.125	6	20.030	0.710	98.095	5	14.550
118.125	7	NaN	1.480	NaN	3	NaN
118.125	8	109.245	0.948	8.880	4	19.507
118.125	9	41.649	0.759	76.476	6	15.751
118.125	10	53.469	0.763	64.656	2	16.408
118.125	11	NaN	1.480	NaN	3	NaN
118.125	12	110.165	1.068	7.960	2	19.558
118.125	13	128.438	0.953	10.313	5	19.427
118.125	14	127.244	0.748	9.119	6	19.493
118.125	15	114.531	0.993	3.594	4	19.800
163.125	1	NaN	1.497	NaN	4	NaN
163.125	2	NaN	1.480	NaN	2	NaN
163.125	3	16.763	0.821	146.362	3	11.869
163.125	4	180.000	1.281	17.157	6	19.047
163.125	5	153.346	1.141	9.779	5	19.457
163.125	6	78.057	1.040	85.068	4	15.274
163.125	7	132.263	1.140	30.862	6	18.285
163.125	8	163.842	0.798	0.717	5	19.960
163.125	9	160.823	1.012	2.302	2	19.872
163.125	10	NaN	1.487	NaN	3	NaN
163.125	11	160.180	0.984	2.945	6	19.836
163.125	12	158.411	0.923	4.714	4	19.738
163.125	13	156.837	0.975	6.288	3	19.651
163.125	14	157.727	1.092	5.398	5	19.700
163.125	15	151.743	0.967	11.382	2	19.368
151.875	1	NaN	1.481	NaN	4	NaN
151.875	2	NaN	1.480	NaN	6	NaN
151.875	3	11.739	0.825	140.136	5	12.215
151.875	4	161.666	1.293	9.791	2	19.456
151.875	5	132.860	1.345	19.015	3	18.944
151.875	6	166.937	0.877	15.062	6	19.163
151.875	7	174.456	0.921	22.581	4	18.745
151.875	8	151.449	1.213	0.426	2	19.976
151.875	9	NaN	1.480	NaN	5	NaN
151.875	10	NaN	1.480	NaN	3	NaN
151.875	11	153.526	1.053	1.651	4	19.908
151.875	12	160.679	1.049	8.804	2	19.511
151.875	13	153.991	1.189	2.116	3	19.882
151.875	14	NaN	1.480	NaN	5	NaN
151.875	15	159.874	0.876	7.999	6	19.556
174.375	1	NaN	1.491	NaN	6	NaN
174.375	2	NaN	1.480	NaN	3	NaN
174.375	3	12.615	0.742	161.760	5	11.013
174.375	4	10.806	0.705	163.569	4	10.913
174.375	5	176.985	1.413	2.610	2	19.855
174.375	6	159.575	1.129	14.800	2	19.178
174.375	7	111.265	0.869	63.110	5	16.494
174.375	8	NaN	1.480	NaN	6	NaN
174.375	9	150.064	0.850	24.311	3	18.649
174.375	10	NaN	1.480	NaN	4	NaN
174.375	11	153.615	0.906	20.760	4	18.847
174.375	12	176.610	1.054	2.235	6	19.876
174.375	13	160.729	0.957	13.646	3	19.242
174.375	14	NaN	1.480	NaN	2	NaN
174.375	15	159.747	1.402	14.628	5	19.187
39.375	1	NaN	1.480	NaN	4	NaN
39.375	2	8.651	0.794	30.724	5	18.293
39.375	3	78.806	0.830	39.431	2	17.809
39.375	4	147.886	0.850	108.511	3	13.972
39.375	5	34.350	0.957	5.025	6	19.721
39.375	6	39.670	0.713	0.295	3	19.984
39.375	7	60.108	1.006	20.733	2	18.848
39.375	8	40.664	1.030	1.289	6	19.928
39.375	9	29.920	0.850	9.455	4	19.475
39.375	10	37.729	0.921	1.646	5	19.909
39.375	11	31.832	0.645	7.543	5	19.581
39.375	12	29.987	0.709	9.388	4	19.478
39.375	13	36.263	0.677	3.112	2	19.827
39.375	14	NaN	1.480	NaN	3	NaN
39.375	15	43.961	1.133	4.586	6	19.745
129.375	1	NaN	1.481	NaN	5	NaN
129.375	2	24.168	1.455	105.207	3	14.155
129.375	3	NaN	1.480	NaN	6	NaN
129.375	4	164.569	0.821	35.194	4	18.045
129.375	5	142.112	0.969	12.737	2	19.292
129.375	6	145.008	1.237	15.633	5	19.132
129.375	7	143.896	0.817	14.521	4	19.193
129.375	8	77.479	1.005	51.896	6	17.117
129.375	9	155.520	1.017	26.145	3	18.548
129.375	10	157.980	1.461	28.605	2	18.411
129.375	11	155.405	1.170	26.030	5	18.554
129.375	12	138.150	0.901	8.775	4	19.513
129.375	13	173.399	0.753	44.024	2	17.554
129.375	14	173.379	1.277	44.004	3	17.555
129.375	15	159.029	0.785	29.654	6	18.353
16.875	1	NaN	1.484	NaN	4	NaN
16.875	2	9.097	0.688	7.778	5	19.568
16.875	3	41.838	0.644	24.963	6	18.613
16.875	4	NaN	1.480	NaN	3	NaN
16.875	5	160.956	1.243	144.081	2	11.995
16.875	6	NaN	1.480	NaN	3	NaN
16.875	7	25.349	0.988	8.474	4	19.529
16.875	8	53.341	0.949	36.466	6	17.974
16.875	9	21.536	0.619	4.661	5	19.741
16.875	10	NaN	1.480	NaN	2	NaN
16.875	11	NaN	1.480	NaN	4	NaN
16.875	12	20.400	0.639	3.525	3	19.804
16.875	13	32.953	0.867	16.078	2	19.107
16.875	14	40.786	0.727	23.911	6	18.672
16.875	15	21.313	0.603	4.438	5	19.753
50.625	1	NaN	1.488	NaN	5	NaN
50.625	2	21.784	0.741	28.841	3	18.398
50.625	3	171.692	1.121	121.067	4	13.274
50.625	4	88.182	0.645	37.557	6	17.914
50.625	5	27.160	0.705	23.465	2	18.696
50.625	6	NaN	1.480	NaN	5	NaN
50.625	7	NaN	1.480	NaN	4	NaN
50.625	8	24.712	0.686	25.913	2	18.560
50.625	9	19.947	0.922	30.678	6	18.296
50.625	10	37.225	0.686	13.400	3	19.256
50.625	11	35.124	0.850	15.501	4	19.139
50.625	12	47.747	0.718	2.878	6	19.840
50.625	13	46.163	0.706	4.462	3	19.752
50.625	14	46.842	1.374	3.783	5	19.790
50.625	15	40.349	1.002	10.276	2	19.429
106.875	1	NaN	1.490	NaN	5	NaN
106.875	2	NaN	1.480	NaN	6	NaN
106.875	3	24.878	0.805	81.997	2	15.445
106.875	4	NaN	0.021	NaN	4	NaN
106.875	5	164.861	0.925	57.986	3	16.779
106.875	6	131.465	0.913	24.590	2	18.634
106.875	7	130.026	1.053	23.151	4	18.714
106.875	8	148.734	0.865	41.859	3	17.674
106.875	9	135.344	0.933	28.469	6	18.418
106.875	10	129.127	0.824	22.252	5	18.764
106.875	11	130.678	0.884	23.803	4	18.678
106.875	12	NaN	1.480	NaN	5	NaN
106.875	13	129.930	0.845	23.055	2	18.719
106.875	14	NaN	1.488	NaN	3	NaN
106.875	15	133.984	0.864	27.109	6	18.494
5.625	1	16.431	0.756	10.806	5	19.400
5.625	2	161.205	0.768	155.580	4	11.357
5.625	3	44.848	0.812	39.223	3	17.821
5.625	4	30.816	0.944	25.191	2	18.601
5.625	5	32.477	0.859	26.852	6	18.508
5.625	6	64.080	0.720	58.455	2	16.753
5.625	7	124.403	1.019	118.778	6	13.401
5.625	8	48.908	0.607	43.283	4	17.595
5.625	9	55.253	0.612	49.628	3	17.243
5.625	10	52.584	0.647	46.959	5	17.391
5.625	11	31.055	0.619	25.430	4	18.587
5.625	12	47.664	0.839	42.039	5	17.664
5.625	13	48.668	0.779	43.043	2	17.609
5.625	14	27.271	0.871	21.646	3	18.797
5.625	15	19.538	0.672	13.913	6	19.227
28.125	1	NaN	1.495	NaN	3	NaN
28.125	2	19.544	0.671	8.581	5	19.523
28.125	3	159.583	0.803	131.458	2	12.697
28.125	4	NaN	1.480	NaN	4	NaN
28.125	5	39.457	0.708	11.332	6	19.370
28.125	6	49.887	0.688	21.762	6	18.791
28.125	7	78.589	0.677	50.464	2	17.196
28.125	8	NaN	1.480	NaN	3	NaN
28.125	9	31.331	0.724	3.206	4	19.822
28.125	10	15.504	0.696	12.621	5	19.299
28.125	11	32.230	0.700	4.105	5	19.772
28.125	12	30.874	0.720	2.749	6	19.847
28.125	13	26.539	0.580	1.586	3	19.912
28.125	14	30.376	0.799	2.251	2	19.875
28.125	15	26.235	0.763	1.890	4	19.895
61.875	1	NaN	1.481	NaN	4	NaN
61.875	2	45.388	0.627	16.487	3	19.084
61.875	3	110.276	0.999	48.401	6	17.311
61.875	4	149.258	0.731	87.383	2	15.145
61.875	5	NaN	1.480	NaN	5	NaN
61.875	6	91.951	0.892	30.076	4	18.329
61.875	7	70.378	1.064	8.503	5	19.528
61.875	8	118.245	0.716	56.370	6	16.868
61.875	9	168.003	0.864	106.128	2	14.104
61.875	10	44.696	1.188	17.179	3	19.046
61.875	11	39.307	0.736	22.568	2	18.746
61.875	12	38.548	1.227	23.327	5	18.704
61.875	13	32.333	0.623	29.542	3	18.359
61.875	14	34.003	0.859	27.872	6	18.452
61.875	15	39.636	0.607	22.239	4	18.765
95.625	1	NaN	1.480	NaN	2	NaN
95.625	2	15.965	1.084	79.660	4	15.574
95.625	3	151.676	1.037	56.051	6	16.886
95.625	4	67.712	0.795	27.913	5	18.449
95.625	5	109.435	0.671	13.810	3	19.233
95.625	6	NaN	1.495	NaN	6	NaN
95.625	7	123.443	1.019	27.818	4	18.455
95.625	8	53.906	0.711	41.719	3	17.682
95.625	9	129.380	0.907	33.755	2	18.125
95.625	10	133.025	0.831	37.400	5	17.922
95.625	11	129.935	0.662	34.310	4	18.094
95.625	12	165.050	0.711	69.425	6	16.143
95.625	13	72.474	0.619	23.151	2	18.714
95.625	14	58.820	1.039	36.805	3	17.955
95.625	15	59.805	0.723	35.820	5	18.010
