84.375	1	NaN	1.480	NaN	5	NaN
84.375	2	71.346	1.088	13.029	3	19.276
84.375	3	107.910	0.707	23.535	6	18.693
84.375	4	55.617	0.615	28.758	2	18.402
84.375	5	NaN	1.480	NaN	4	NaN
84.375	6	32.467	0.684	51.908	3	17.116
84.375	7	NaN	1.480	NaN	6	NaN
84.375	8	NaN	1.480	NaN	5	NaN
84.375	9	NaN	1.480	NaN	4	NaN
84.375	10	159.976	0.584	75.601	2	15.800
84.375	11	142.052	0.636	57.677	4	16.796
84.375	12	94.889	0.680	10.514	2	19.416
84.375	13	83.494	0.668	0.881	5	19.951
84.375	14	NaN	1.480	NaN	6	NaN
84.375	15	NaN	1.480	NaN	3	NaN
140.625	1	96.348	1.331	44.277	6	17.540
140.625	2	59.534	0.606	81.091	2	15.495
140.625	3	42.184	0.746	98.441	5	14.531
140.625	4	25.169	0.623	115.456	3	13.586
140.625	5	129.439	0.618	11.186	4	19.379
140.625	6	122.086	0.574	18.539	4	18.970
140.625	7	154.646	0.570	14.021	5	19.221
140.625	8	112.240	0.654	28.385	3	18.423
140.625	9	35.283	0.658	105.342	6	14.148
140.625	10	24.991	0.606	115.634	2	13.576
140.625	11	26.342	0.682	114.283	4	13.651
140.625	12	NaN	1.480	NaN	2	NaN
140.625	13	25.405	0.802	115.220	5	13.599
140.625	14	24.896	1.251	115.729	6	13.571
140.625	15	28.408	0.586	112.217	3	13.766
5.625	1	88.363	0.723	82.738	2	15.403
5.625	2	107.172	0.559	101.547	5	14.359
5.625	3	123.944	0.533	118.319	4	13.427
5.625	4	133.016	0.553	127.391	6	12.923
5.625	5	147.724	0.517	142.099	3	12.106
5.625	6	20.930	1.069	15.305	3	19.150
5.625	7	42.448	0.677	36.823	5	17.954
5.625	8	63.894	0.593	58.269	6	16.763
5.625	9	91.200	0.581	85.575	2	15.246
5.625	10	73.991	0.769	68.366	4	16.202
5.625	11	85.864	0.565	80.239	2	15.542
5.625	12	83.356	0.689	77.731	4	15.682
5.625	13	87.494	0.493	81.869	5	15.452
5.625	14	81.254	0.505	75.629	3	15.798
5.625	15	85.879	0.557	80.254	6	15.541
16.875	1	NaN	1.480	NaN	5	NaN
16.875	2	24.065	0.548	7.190	4	19.601
16.875	3	32.848	0.608	15.973	6	19.113
16.875	4	55.085	0.564	38.210	2	17.877
16.875	5	90.000	0.640	73.125	3	15.938
16.875	6	110.807	0.508	93.932	5	14.782
16.875	7	137.617	0.536	120.742	4	13.292
16.875	8	163.446	0.604	146.571	6	11.857
16.875	9	162.897	0.704	146.022	2	11.888
16.875	10	NaN	1.485	NaN	3	NaN
16.875	11	150.811	0.543	133.936	6	12.559
16.875	12	54.049	0.522	37.174	4	17.935
16.875	13	165.057	0.607	148.182	3	11.768
16.875	14	103.030	0.610	86.155	2	15.214
16.875	15	76.880	0.542	60.005	5	16.666
73.125	1	19.297	0.826	53.828	2	17.010
73.125	2	31.672	0.838	41.453	3	17.697
73.125	3	49.860	0.489	23.265	4	18.707
73.125	4	64.735	0.485	8.390	6	19.534
73.125	5	85.211	0.545	12.086	5	19.329
73.125	6	89.669	0.565	16.544	2	19.081
73.125	7	103.809	0.595	30.684	6	18.295
73.125	8	123.690	0.509	50.565	4	17.191
73.125	9	148.003	0.593	74.878	5	15.840
73.125	10	165.340	0.645	92.215	3	14.877
73.125	11	156.697	0.577	83.572	6	15.357
73.125	12	164.350	0.573	91.225	5	14.932
73.125	13	165.867	0.625	92.742	2	14.848
73.125	14	NaN	1.480	NaN	3	NaN
73.125	15	159.083	0.560	85.958	4	15.225
151.875	1	NaN	1.480	NaN	6	NaN
151.875	2	NaN	1.480	NaN	5	NaN
151.875	3	NaN	1.480	NaN	3	NaN
151.875	4	25.474	0.775	126.401	4	12.978
151.875	5	37.198	0.603	114.677	2	13.629
151.875	6	50.075	0.839	101.800	4	14.344
151.875	7	54.234	0.595	97.641	3	14.575
151.875	8	62.811	0.543	89.064	5	15.052
151.875	9	70.194	0.547	81.681	6	15.462
151.875	10	79.695	0.502	72.180	2	15.990
151.875	11	38.780	0.634	113.095	3	13.717
151.875	12	44.609	0.654	107.266	5	14.041
151.875	13	82.197	0.610	69.678	2	16.129
151.875	14	88.172	0.541	63.703	4	16.461
151.875	15	114.817	0.570	37.058	6	17.941
61.875	1	NaN	1.480	NaN	4	NaN
61.875	2	NaN	1.480	NaN	5	NaN
61.875	3	NaN	1.480	NaN	2	NaN
61.875	4	21.663	0.551	40.212	3	17.766
61.875	5	30.424	0.635	31.451	6	18.253
61.875	6	43.038	0.539	18.837	4	18.953
61.875	7	55.694	0.498	6.181	2	19.657
61.875	8	69.022	0.806	7.147	6	19.603
61.875	9	81.667	0.617	19.792	3	18.900
61.875	10	84.275	0.765	22.400	5	18.756
61.875	11	97.859	0.553	35.984	4	18.001
61.875	12	107.138	0.533	45.263	5	17.485
61.875	13	140.132	0.513	78.257	6	15.652
61.875	14	NaN	1.480	NaN	2	NaN
61.875	15	147.156	0.681	85.281	3	15.262
106.875	1	NaN	1.480	NaN	4	NaN
106.875	2	156.812	0.569	49.937	5	17.226
106.875	3	123.315	0.501	16.440	6	19.087
106.875	4	111.303	0.489	4.428	2	19.754
106.875	5	96.648	0.675	10.227	3	19.432
106.875	6	137.994	0.633	31.119	2	18.271
106.875	7	153.484	0.695	46.609	5	17.411
106.875	8	64.750	0.633	42.125	6	17.660
106.875	9	29.979	0.597	76.896	4	15.728
106.875	10	46.237	0.897	60.638	3	16.631
106.875	11	28.188	0.613	78.687	6	15.628
106.875	12	128.628	0.521	21.753	4	18.792
106.875	13	133.572	0.524	26.697	3	18.517
106.875	14	154.432	0.617	47.557	2	17.358
106.875	15	NaN	1.480	NaN	5	NaN
118.125	1	NaN	1.480	NaN	5	NaN
118.125	2	NaN	1.480	NaN	4	NaN
118.125	3	NaN	1.480	NaN	6	NaN
118.125	4	31.332	0.563	86.793	3	15.178
118.125	5	42.164	0.607	75.961	2	15.780
118.125	6	49.162	0.611	68.963	6	16.169
118.125	7	66.693	0.527	51.432	3	17.143
118.125	8	80.065	0.547	38.060	4	17.886
118.125	9	87.476	0.503	30.649	2	18.297
118.125	10	105.654	0.635	12.471	5	19.307
118.125	11	125.448	0.527	7.323	5	19.593
118.125	12	159.082	0.579	40.957	3	17.725
118.125	13	153.101	0.599	34.976	2	18.057
118.125	14	138.466	0.667	20.341	4	18.870
118.125	15	134.177	0.663	16.052	6	19.108
39.375	1	140.166	0.664	100.791	3	14.400
39.375	2	117.921	0.519	78.546	6	15.636
39.375	3	122.770	0.563	83.395	2	15.367
39.375	4	86.301	1.138	46.926	4	17.393
39.375	5	104.816	0.530	65.441	5	16.364
39.375	6	39.003	0.502	0.372	5	19.979
39.375	7	46.877	0.554	7.502	4	19.583
39.375	8	NaN	1.480	NaN	6	NaN
39.375	9	21.933	0.890	17.442	3	19.031
39.375	10	NaN	1.480	NaN	2	NaN
39.375	11	139.458	0.557	100.083	2	14.440
39.375	12	132.850	0.641	93.475	6	14.807
39.375	13	92.249	0.661	52.874	3	17.063
39.375	14	84.482	0.658	45.107	5	17.494
39.375	15	83.142	0.628	43.767	4	17.568
129.375	1	NaN	1.480	NaN	2	NaN
129.375	2	20.955	0.605	108.420	6	13.977
129.375	3	27.610	0.601	101.765	5	14.346
129.375	4	33.438	0.597	95.937	3	14.670
129.375	5	52.747	0.708	76.628	4	15.743
129.375	6	74.082	0.549	55.293	6	16.928
129.375	7	83.028	0.521	46.347	4	17.425
129.375	8	83.436	0.557	45.939	3	17.448
129.375	9	106.123	0.585	23.252	5	18.708
129.375	10	93.996	0.461	35.379	2	18.034
129.375	11	115.862	0.556	13.513	2	19.249
129.375	12	156.253	0.580	26.878	5	18.507
129.375	13	154.446	0.608	25.071	4	18.607
129.375	14	147.029	0.732	17.654	3	19.019
129.375	15	151.786	0.592	22.411	6	18.755
95.625	1	NaN	1.480	NaN	4	NaN
95.625	2	159.090	0.669	63.465	6	16.474
95.625	3	133.308	0.588	37.683	5	17.907
95.625	4	139.322	0.658	43.697	2	17.572
95.625	5	152.994	0.745	57.369	3	16.813
95.625	6	118.505	0.492	22.880	3	18.729
95.625	7	82.572	0.697	13.053	5	19.275
95.625	8	84.332	0.588	11.293	2	19.373
95.625	9	102.978	0.673	7.353	6	19.591
95.625	10	63.647	0.677	31.978	4	18.223
95.625	11	38.346	0.688	57.279	3	16.818
95.625	12	52.853	0.556	42.772	4	17.624
95.625	13	91.382	0.600	4.243	6	19.764
95.625	14	96.381	0.524	0.756	5	19.958
95.625	15	123.525	0.712	27.900	2	18.450
174.375	1	82.952	0.588	91.423	5	14.921
174.375	2	50.201	0.640	124.174	6	13.101
174.375	3	134.614	0.493	39.761	4	17.791
174.375	4	NaN	1.497	NaN	3	NaN
174.375	5	99.653	0.487	74.722	2	15.849
174.375	6	17.045	1.050	157.330	2	11.259
174.375	7	65.862	0.574	108.513	6	13.972
174.375	8	136.675	0.508	37.700	5	17.906
174.375	9	167.853	1.294	6.522	3	19.638
174.375	10	85.197	0.579	89.178	4	15.046
174.375	11	40.640	0.582	133.735	3	12.570
174.375	12	12.177	0.546	162.198	4	10.989
174.375	13	NaN	1.480	NaN	6	NaN
174.375	14	12.336	0.582	162.039	5	10.998
174.375	15	11.437	0.626	162.938	2	10.948
50.625	1	8.059	0.806	42.566	6	17.635
50.625	2	30.158	0.706	20.467	4	18.863
50.625	3	50.836	0.686	0.211	2	19.988
50.625	4	77.519	0.665	26.894	5	18.506
50.625	5	111.413	0.535	60.788	3	16.623
50.625	6	134.253	0.730	83.628	5	15.354
50.625	7	174.289	0.518	123.664	6	13.130
50.625	8	164.173	0.578	113.548	2	13.692
50.625	9	160.903	0.695	110.278	4	13.873
50.625	10	NaN	1.480	NaN	3	NaN
50.625	11	167.683	0.463	117.058	6	13.497
50.625	12	160.364	0.451	109.739	2	13.903
50.625	13	152.741	0.689	102.116	4	14.327
50.625	14	150.616	0.515	99.991	3	14.445
50.625	15	154.624	1.414	103.999	5	14.222
163.125	1	21.987	1.450	141.138	3	12.159
163.125	2	37.663	0.502	125.462	5	13.030
163.125	3	47.804	0.570	115.321	2	13.593
163.125	4	72.034	0.646	91.091	6	14.939
163.125	5	84.118	0.541	79.007	4	15.611
163.125	6	109.002	0.486	54.123	6	16.993
163.125	7	118.516	0.530	44.609	3	17.522
163.125	8	158.697	0.822	4.428	5	19.754
163.125	9	155.898	0.482	7.227	2	19.598
163.125	10	157.642	0.742	5.483	4	19.695
163.125	11	153.884	0.562	9.241	3	19.487
163.125	12	147.417	0.678	15.708	5	19.127
163.125	13	138.686	0.609	24.439	4	18.642
163.125	14	164.948	0.670	1.823	6	19.899
163.125	15	164.578	0.497	1.453	2	19.919
28.125	1	168.936	0.629	140.811	2	12.177
28.125	2	150.624	0.665	122.499	4	13.194
28.125	3	136.219	0.461	108.094	5	13.995
28.125	4	120.812	0.337	92.687	3	14.851
28.125	5	128.148	0.533	100.023	6	14.443
28.125	6	113.735	0.489	85.610	2	15.244
28.125	7	NaN	1.483	NaN	5	NaN
28.125	8	100.335	0.416	72.210	3	15.988
28.125	9	88.207	0.516	60.082	6	16.662
28.125	10	75.672	0.496	47.547	4	17.359
28.125	11	54.571	1.156	26.446	5	18.531
28.125	12	36.910	1.336	8.785	3	19.512
28.125	13	20.342	1.460	7.783	4	19.568
28.125	14	27.465	0.512	0.660	2	19.963
28.125	15	92.500	0.628	64.375	6	16.424
