73.125	1	NaN	1.500	NaN	3	NaN
73.125	2	NaN	1.500	NaN	5	NaN
73.125	3	59.264	0.996	13.861	4	19.230
73.125	4	53.547	1.003	19.578	2	18.912
73.125	5	102.500	1.115	29.375	6	18.368
73.125	6	138.983	0.769	65.858	5	16.341
73.125	7	37.025	0.762	36.100	4	17.994
73.125	8	120.443	0.754	47.318	3	17.371
73.125	9	95.414	0.746	22.289	2	18.762
73.125	10	128.826	0.804	55.701	6	16.906
73.125	11	NaN	1.500	NaN	3	NaN
73.125	12	108.580	0.714	35.455	2	18.030
73.125	13	71.815	0.867	1.310	4	19.927
73.125	14	92.960	0.700	19.835	6	18.898
73.125	15	54.047	0.749	19.078	5	18.940
129.375	1	NaN	1.500	NaN	3	NaN
129.375	2	68.179	1.020	40.054	6	17.775
129.375	3	73.825	0.909	45.700	4	17.461
129.375	4	108.072	0.742	79.947	2	15.559
129.375	5	79.347	0.815	51.222	5	17.154
129.375	6	96.774	0.023	68.649	4	16.186
129.375	7	71.492	0.624	43.367	3	17.591
129.375	8	51.524	0.617	23.399	5	18.700
129.375	9	NaN	1.500	NaN	2	NaN
129.375	10	NaN	1.500	NaN	6	NaN
129.375	11	79.666	0.635	51.541	4	17.137
129.375	12	115.770	0.765	87.645	6	15.131
129.375	13	74.436	0.621	46.311	5	17.427
129.375	14	98.650	0.678	70.525	3	16.082
129.375	15	80.251	0.831	52.126	2	17.104
61.875	1	NaN	1.500	NaN	2	NaN
61.875	2	67.753	0.777	106.622	4	14.077
61.875	3	78.961	0.962	95.414	5	14.699
61.875	4	94.967	1.227	79.408	6	15.588
61.875	5	NaN	1.500	NaN	3	NaN
61.875	6	93.432	0.917	80.943	4	15.503
61.875	7	123.170	1.086	51.205	2	17.155
61.875	8	76.615	0.918	97.760	6	14.569
61.875	9	50.930	0.759	123.445	5	13.142
61.875	10	22.327	0.719	152.048	3	11.553
61.875	11	114.640	0.712	59.735	3	16.681
61.875	12	85.852	0.681	88.523	4	15.082
61.875	13	86.601	0.570	87.774	5	15.124
61.875	14	117.651	0.683	56.724	6	16.849
61.875	15	86.202	0.572	88.173	2	15.102
106.875	1	NaN	1.500	NaN	5	NaN
106.875	2	43.551	0.742	7.074	3	19.607
106.875	3	NaN	1.500	NaN	4	NaN
106.875	4	45.379	0.847	5.246	2	19.709
106.875	5	NaN	1.500	NaN	6	NaN
106.875	6	58.068	0.857	7.443	2	19.587
106.875	7	93.090	0.978	42.465	4	17.641
106.875	8	102.820	0.643	52.195	5	17.100
106.875	9	147.200	0.659	96.575	3	14.635
106.875	10	68.053	0.908	17.428	6	19.032
106.875	11	62.649	0.645	12.024	6	19.332
106.875	12	61.631	0.646	11.006	2	19.389
106.875	13	69.842	0.887	19.217	4	18.932
106.875	14	67.973	0.816	17.348	3	19.036
106.875	15	71.692	0.673	21.067	5	18.830
140.625	1	NaN	1.500	NaN	2	NaN
140.625	2	66.198	1.386	4.323	5	19.760
140.625	3	32.005	0.739	29.870	4	18.341
140.625	4	155.340	0.772	93.465	6	14.807
140.625	5	118.941	0.589	57.066	3	16.830
140.625	6	85.005	0.726	23.130	2	18.715
140.625	7	84.748	0.615	22.873	3	18.729
140.625	8	81.040	0.536	19.165	4	18.935
140.625	9	77.792	0.640	15.917	6	19.116
140.625	10	44.665	0.617	17.210	5	19.044
140.625	11	NaN	1.500	NaN	3	NaN
140.625	12	77.599	0.747	15.724	6	19.126
140.625	13	78.736	0.748	16.861	4	19.063
140.625	14	89.927	0.685	28.052	2	18.442
140.625	15	NaN	1.500	NaN	5	NaN
50.625	1	NaN	1.500	NaN	5	NaN
50.625	2	69.774	0.919	93.351	4	14.814
50.625	3	65.308	0.664	97.817	2	14.566
50.625	4	86.566	0.881	76.559	6	15.747
50.625	5	124.155	0.833	38.970	3	17.835
50.625	6	102.469	0.722	60.656	4	16.630
50.625	7	146.916	0.699	16.209	5	19.100
50.625	8	NaN	1.500	NaN	6	NaN
50.625	9	80.828	0.844	82.297	3	15.428
50.625	10	152.488	0.861	10.637	2	19.409
50.625	11	180.000	1.070	18.533	6	18.970
50.625	12	160.917	0.927	2.208	3	19.877
50.625	13	168.530	0.904	5.405	2	19.700
50.625	14	180.000	0.833	28.418	4	18.421
50.625	15	NaN	1.500	NaN	5	NaN
84.375	1	NaN	1.500	NaN	2	NaN
84.375	2	NaN	1.500	NaN	5	NaN
84.375	3	56.167	0.629	50.708	6	17.183
84.375	4	83.484	0.718	23.391	3	18.700
84.375	5	120.979	0.791	14.104	4	19.216
84.375	6	147.493	0.655	40.618	6	17.743
84.375	7	177.196	0.720	70.321	2	16.093
84.375	8	120.273	0.953	13.398	4	19.256
84.375	9	109.438	0.658	2.563	5	19.858
84.375	10	105.903	0.819	0.972	3	19.946
84.375	11	95.895	0.884	10.980	3	19.390
84.375	12	94.687	0.773	12.188	2	19.323
84.375	13	NaN	1.500	NaN	6	NaN
84.375	14	68.795	0.663	38.080	5	17.884
84.375	15	NaN	1.500	NaN	4	NaN
118.125	1	NaN	1.500	NaN	6	NaN
118.125	2	NaN	1.500	NaN	4	NaN
118.125	3	94.301	0.617	54.926	3	16.949
118.125	4	96.077	0.690	56.702	2	16.850
118.125	5	96.731	0.851	57.356	5	16.814
118.125	6	61.704	0.724	22.329	5	18.759
118.125	7	43.958	0.821	4.583	2	19.745
118.125	8	79.757	1.068	40.382	3	17.757
118.125	9	160.727	0.765	121.352	4	13.258
118.125	10	12.853	0.694	26.522	6	18.527
118.125	11	128.206	0.727	88.831	2	15.065
118.125	12	85.775	1.288	46.400	5	17.422
118.125	13	72.288	0.729	32.913	3	18.171
118.125	14	54.525	0.882	15.150	6	19.158
118.125	15	91.399	0.714	52.024	4	17.110
16.875	1	77.109	1.115	74.766	5	15.846
16.875	2	51.635	0.956	100.240	2	14.431
16.875	3	124.452	0.789	27.423	6	18.477
16.875	4	161.682	0.638	9.807	4	19.455
16.875	5	173.619	0.767	21.744	3	18.792
16.875	6	11.048	0.688	140.827	3	12.176
16.875	7	146.463	0.713	5.412	2	19.699
16.875	8	137.691	0.745	14.184	6	19.212
16.875	9	110.181	0.690	41.694	5	17.684
16.875	10	135.554	0.643	16.321	4	19.093
16.875	11	170.286	0.772	18.411	2	18.977
16.875	12	179.892	1.244	28.017	5	18.443
16.875	13	NaN	1.500	NaN	6	NaN
16.875	14	176.622	1.126	24.747	3	18.625
16.875	15	138.901	0.959	12.974	4	19.279
95.625	1	NaN	1.500	NaN	6	NaN
95.625	2	57.256	0.785	83.369	5	15.368
95.625	3	NaN	1.500	NaN	2	NaN
95.625	4	120.651	1.075	19.974	4	18.890
95.625	5	169.840	0.684	29.215	3	18.377
95.625	6	103.740	1.077	36.885	3	17.951
95.625	7	98.137	0.677	42.488	4	17.640
95.625	8	89.322	0.582	51.303	5	17.150
95.625	9	79.870	0.623	60.755	2	16.625
95.625	10	54.714	0.888	85.911	6	15.227
95.625	11	98.694	0.417	41.931	6	17.670
95.625	12	164.597	0.690	23.972	5	18.668
95.625	13	97.575	0.690	43.050	2	17.608
95.625	14	92.525	1.043	48.100	3	17.328
95.625	15	NaN	1.500	NaN	4	NaN
151.875	1	NaN	1.500	NaN	6	NaN
151.875	2	137.260	1.022	120.385	5	13.312
151.875	3	88.236	0.951	71.361	4	16.035
151.875	4	NaN	1.500	NaN	3	NaN
151.875	5	164.971	0.921	148.096	2	11.772
151.875	6	98.889	1.057	82.014	4	15.444
151.875	7	68.991	0.690	52.116	5	17.105
151.875	8	130.019	0.771	113.144	3	13.714
151.875	9	96.907	0.948	80.032	6	15.554
151.875	10	88.224	0.637	71.349	2	16.036
151.875	11	53.571	1.046	36.696	2	17.961
151.875	12	44.505	1.095	27.630	3	18.465
151.875	13	54.763	0.736	37.888	6	17.895
151.875	14	75.127	0.873	58.252	5	16.764
151.875	15	88.714	0.866	71.839	4	16.009
28.125	1	NaN	1.500	NaN	5	NaN
28.125	2	4.558	0.804	124.817	2	13.066
28.125	3	NaN	1.500	NaN	4	NaN
28.125	4	180.000	0.829	68.198	3	16.211
28.125	5	145.909	1.006	16.534	6	19.081
28.125	6	89.359	0.767	40.016	2	17.777
28.125	7	NaN	1.500	NaN	4	NaN
28.125	8	67.789	0.665	61.586	5	16.579
28.125	9	NaN	1.500	NaN	6	NaN
28.125	10	0.000	0.675	133.225	3	12.599
28.125	11	NaN	1.500	NaN	2	NaN
28.125	12	56.976	0.861	72.399	5	15.978
28.125	13	149.865	0.789	20.490	3	18.862
28.125	14	140.704	1.110	11.329	6	19.371
28.125	15	149.095	0.590	19.720	4	18.904
39.375	1	NaN	1.500	NaN	4	NaN
39.375	2	63.112	1.312	32.513	2	18.194
39.375	3	NaN	1.500	NaN	3	NaN
39.375	4	103.743	0.714	8.118	5	19.549
39.375	5	15.297	1.019	80.328	6	15.537
39.375	6	180.000	0.692	96.479	5	14.640
39.375	7	150.201	0.581	54.576	3	16.968
39.375	8	120.994	0.790	25.369	6	18.591
39.375	9	NaN	1.500	NaN	2	NaN
39.375	10	90.423	0.928	5.202	4	19.711
39.375	11	77.616	1.161	18.009	4	19.000
39.375	12	73.554	0.778	22.071	2	18.774
39.375	13	NaN	1.500	NaN	3	NaN
39.375	14	130.607	0.691	34.982	5	18.057
39.375	15	124.747	0.780	29.122	6	18.382
174.375	1	NaN	1.500	NaN	2	NaN
174.375	2	80.030	0.678	38.095	3	17.884
174.375	3	NaN	1.500	NaN	6	NaN
174.375	4	128.032	0.840	9.907	5	19.450
174.375	5	NaN	1.500	NaN	4	NaN
174.375	6	52.970	0.650	65.155	6	16.380
174.375	7	NaN	1.500	NaN	5	NaN
174.375	8	87.857	0.531	30.268	3	18.318
174.375	9	126.756	0.804	8.631	2	19.520
174.375	10	120.511	0.798	2.386	4	19.867
174.375	11	167.242	0.655	49.117	2	17.271
174.375	12	113.459	1.081	4.666	6	19.741
174.375	13	135.902	1.010	17.777	3	19.012
174.375	14	NaN	1.500	NaN	4	NaN
174.375	15	119.917	0.779	1.792	5	19.900
163.125	1	NaN	1.500	NaN	4	NaN
163.125	2	97.228	0.589	12.853	2	19.286
163.125	3	57.097	0.797	27.278	5	18.485
163.125	4	5.748	0.710	78.627	6	15.632
163.125	5	180.000	0.783	99.631	3	14.465
163.125	6	146.569	0.704	62.194	5	16.545
163.125	7	152.271	0.577	67.896	3	16.228
163.125	8	142.675	0.970	58.300	4	16.761
163.125	9	124.928	0.642	40.553	2	17.747
163.125	10	147.399	0.852	63.024	6	16.499
163.125	11	162.192	0.620	77.817	6	15.677
163.125	12	145.263	0.677	60.888	3	16.617
163.125	13	124.434	0.910	40.059	2	17.774
163.125	14	NaN	1.500	NaN	5	NaN
163.125	15	134.182	1.078	49.807	4	17.233
5.625	1	NaN	1.500	NaN	5	NaN
5.625	2	94.690	0.728	89.065	2	15.052
5.625	3	63.830	1.144	58.205	4	16.766
5.625	4	36.455	0.633	30.830	6	18.287
5.625	5	123.182	0.794	117.557	3	13.469
5.625	6	162.846	0.811	157.221	2	11.265
5.625	7	95.613	0.692	89.988	6	15.001
5.625	8	81.704	0.589	76.079	3	15.773
5.625	9	8.498	0.846	2.873	4	19.840
5.625	10	17.562	0.967	11.937	5	19.337
5.625	11	NaN	1.500	NaN	4	NaN
5.625	12	35.170	0.953	29.545	6	18.359
5.625	13	72.340	0.650	66.715	5	16.294
5.625	14	68.561	0.763	62.936	3	16.504
5.625	15	121.616	0.876	115.991	2	13.556
