28.125	1	18.736	0.981	9.389	1.500
50.625	2	51.032	0.961	0.407	1.500
61.875	3	51.156	0.909	10.719	1.500
118.125	4	118.577	0.977	0.452	1.500
106.875	5	108.658	0.931	1.783	1.500
151.875	6	147.070	1.015	4.805	1.500
5.625	7	2.015	0.867	3.610	1.500
163.125	8	155.248	0.967	7.877	1.500
84.375	9	75.531	0.907	8.844	1.500
174.375	10	179.786	0.855	5.411	1.500
16.875	11	18.626	0.843	1.751	1.500
140.625	12	137.406	0.839	3.219	1.500
95.625	13	92.360	0.875	3.265	1.500
73.125	14	55.074	0.799	18.051	1.500
39.375	15	33.110	0.891	6.265	1.500
129.375	16	128.649	0.863	0.726	1.500
5.625	17	2.417	0.842	3.208	1.500
73.125	18	67.595	0.774	5.530	1.500
140.625	19	131.981	0.858	8.644	1.500
50.625	20	49.193	0.838	1.432	1.500
163.125	21	158.836	0.954	4.289	1.500
61.875	22	55.246	0.774	6.629	1.500
174.375	23	174.116	0.866	0.259	1.500
16.875	24	13.879	1.054	2.996	1.500
95.625	25	93.499	0.882	2.126	1.500
129.375	26	137.710	0.870	8.335	1.500
151.875	27	140.094	1.074	11.781	1.500
106.875	28	112.970	0.950	6.095	1.500
39.375	29	42.533	0.786	3.158	1.500
118.125	30	115.879	0.846	2.246	1.500
28.125	31	28.202	0.874	0.077	1.500
84.375	32	74.074	0.766	10.301	1.500
5.625	33	2.342	1.281	3.283	1.500
16.875	34	15.226	0.901	1.649	1.500
28.125	35	31.822	0.833	3.697	1.500
129.375	36	119.332	0.789	10.043	1.500
39.375	37	34.933	0.777	4.442	1.500
140.625	38	121.178	0.917	19.447	1.500
73.125	39	62.886	0.753	10.239	1.500
84.375	40	81.592	0.812	2.783	1.500
61.875	41	58.431	0.785	3.444	1.500
50.625	42	46.091	0.748	4.534	1.500
118.125	43	115.577	0.856	2.548	1.500
106.875	44	110.166	0.749	3.291	1.500
174.375	45	NaN	1.500	NaN	1.500
95.625	46	87.355	0.828	8.270	1.500
163.125	47	NaN	1.500	NaN	1.500
151.875	48	143.129	1.404	8.746	1.500
163.125	49	158.315	0.952	4.810	1.500
28.125	50	37.893	0.820	9.768	1.500
61.875	51	62.310	0.824	0.435	1.500
73.125	52	61.997	0.908	11.128	1.500
16.875	53	9.592	0.872	7.283	1.500
174.375	54	169.648	0.884	4.727	1.500
84.375	55	85.336	0.800	0.961	1.500
140.625	56	144.409	0.924	3.784	1.500
118.125	57	117.114	1.127	1.011	1.500
5.625	58	1.399	0.780	4.226	1.500
151.875	59	146.767	0.903	5.108	1.500
39.375	60	33.850	0.739	5.525	1.500
106.875	61	102.337	0.759	4.538	1.500
129.375	62	134.538	0.835	5.163	1.500
50.625	63	41.673	0.767	8.952	1.500
95.625	64	100.483	0.731	4.858	1.500
61.875	65	52.245	0.766	9.630	1.500
118.125	66	113.799	0.714	4.326	1.500
106.875	67	105.133	0.806	1.742	1.500
39.375	68	31.609	0.882	7.766	1.500
151.875	69	149.442	0.902	2.433	1.500
140.625	70	136.394	0.946	4.231	1.500
129.375	71	126.035	0.838	3.340	1.500
73.125	72	63.464	0.722	9.661	1.500
163.125	73	156.854	0.838	6.271	1.500
95.625	74	94.995	0.882	0.630	1.500
50.625	75	47.571	0.782	3.054	1.500
174.375	76	NaN	1.500	NaN	1.500
16.875	77	23.590	0.822	6.715	1.500
84.375	78	76.171	0.770	8.204	1.500
28.125	79	29.491	0.846	1.366	1.500
5.625	80	8.447	0.922	2.822	1.500
174.375	81	176.253	0.949	1.878	1.500
28.125	82	29.635	0.713	1.510	1.500
118.125	83	113.828	0.829	4.297	1.500
50.625	84	50.553	0.753	0.072	1.500
61.875	85	52.392	0.845	9.483	1.500
5.625	86	0.000	0.993	7.459	1.500
16.875	87	NaN	1.500	NaN	1.500
106.875	88	97.825	1.001	9.050	1.500
73.125	89	57.579	0.885	15.546	1.500
151.875	90	153.595	0.905	1.720	1.500
163.125	91	NaN	1.500	NaN	1.500
140.625	92	140.768	1.153	0.143	1.500
129.375	93	123.823	0.981	5.552	1.500
95.625	94	87.507	0.833	8.118	1.500
84.375	95	73.695	0.749	10.680	1.500
39.375	96	32.767	0.881	6.608	1.500
39.375	97	35.331	0.805	4.044	1.500
129.375	98	127.714	0.864	1.661	1.500
73.125	99	65.310	0.868	7.815	1.500
61.875	100	57.202	0.928	4.673	1.500
28.125	101	24.591	0.988	3.534	1.500
16.875	102	18.239	0.768	1.364	1.500
106.875	103	108.410	0.724	1.535	1.500
151.875	104	155.478	0.920	3.603	1.500
84.375	105	78.961	0.748	5.414	1.500
163.125	106	162.438	0.928	0.687	1.500
5.625	107	10.980	0.788	5.355	1.500
118.125	108	110.888	0.824	7.237	1.500
50.625	109	48.674	0.764	1.951	1.500
95.625	110	92.382	0.760	3.243	1.500
140.625	111	145.963	0.772	5.338	1.500
174.375	112	NaN	1.500	NaN	1.500
28.125	113	38.841	0.972	10.716	1.500
163.125	114	165.360	0.776	2.235	1.500
95.625	115	94.173	0.900	1.452	1.500
106.875	116	108.495	0.816	1.620	1.500
50.625	117	41.693	0.955	8.932	1.500
73.125	118	73.539	0.823	0.414	1.500
84.375	119	76.980	0.771	7.395	1.500
39.375	120	27.714	0.911	11.661	1.500
61.875	121	56.850	0.723	5.025	1.500
140.625	122	136.680	0.839	3.945	1.500
16.875	123	18.460	0.867	1.585	1.500
5.625	124	NaN	1.500	NaN	1.500
174.375	125	158.029	1.323	16.346	1.500
129.375	126	120.701	0.831	8.674	1.500
151.875	127	154.636	0.995	2.761	1.500
118.125	128	121.617	1.039	3.492	1.500
61.875	129	53.709	0.755	8.166	1.500
39.375	130	42.381	0.855	3.006	1.500
163.125	131	164.783	0.811	1.658	1.500
140.625	132	138.619	0.966	2.006	1.500
129.375	133	128.851	1.034	0.524	1.500
28.125	134	31.178	0.718	3.053	1.500
16.875	135	17.517	0.978	0.642	1.500
118.125	136	119.751	1.158	1.626	1.500
95.625	137	99.764	1.034	4.139	1.500
106.875	138	117.805	1.038	10.930	1.500
50.625	139	50.461	0.738	0.164	1.500
84.375	140	72.989	0.718	11.386	1.500
5.625	141	11.279	1.106	5.654	1.500
174.375	142	NaN	1.500	NaN	1.500
151.875	143	154.151	0.922	2.276	1.500
73.125	144	65.548	0.686	7.577	1.500
174.375	145	NaN	1.500	NaN	1.500
129.375	146	131.084	0.949	1.709	1.500
106.875	147	104.164	0.905	2.711	1.500
163.125	148	157.703	1.037	5.422	1.500
61.875	149	60.668	0.753	1.207	1.500
28.125	150	25.267	0.861	2.858	1.500
151.875	151	153.334	0.793	1.459	1.500
95.625	152	89.552	0.821	6.073	1.500
39.375	153	34.850	0.745	4.525	1.500
140.625	154	144.583	0.805	3.958	1.500
5.625	155	10.928	0.897	5.303	1.500
16.875	156	20.002	0.845	3.127	1.500
84.375	157	78.096	0.721	6.279	1.500
50.625	158	56.274	0.797	5.649	1.500
118.125	159	118.172	0.753	0.047	1.500
73.125	160	65.177	0.717	7.948	1.500
163.125	161	169.481	0.897	6.356	1.500
95.625	162	92.585	0.716	3.040	1.500
28.125	163	25.851	0.713	2.274	1.500
140.625	164	138.538	0.740	2.087	1.500
118.125	165	125.295	0.912	7.170	1.500
50.625	166	44.156	0.700	6.469	1.500
151.875	167	156.845	0.904	4.970	1.500
16.875	168	19.374	0.860	2.499	1.500
84.375	169	80.368	0.856	4.007	1.500
174.375	170	178.076	0.892	3.701	1.500
39.375	171	44.207	0.736	4.832	1.500
73.125	172	58.375	0.828	14.750	1.500
61.875	173	66.468	0.736	4.593	1.500
129.375	174	128.718	0.908	0.657	1.500
106.875	175	99.584	0.712	7.291	1.500
5.625	176	10.041	0.780	4.416	1.500
16.875	177	14.721	0.775	2.154	1.500
5.625	178	5.683	0.852	0.058	1.500
39.375	179	35.853	0.752	3.522	1.500
140.625	180	134.154	0.972	6.471	1.500
61.875	181	64.554	0.783	2.679	1.500
174.375	182	175.742	1.291	1.367	1.500
163.125	183	165.739	0.815	2.614	1.500
151.875	184	NaN	1.500	NaN	1.500
73.125	185	65.925	0.815	7.200	1.500
50.625	186	45.730	0.771	4.895	1.500
28.125	187	28.789	0.799	0.664	1.500
118.125	188	111.407	0.779	6.718	1.500
106.875	189	108.454	0.791	1.579	1.500
129.375	190	140.089	0.819	10.714	1.500
95.625	191	94.459	0.815	1.166	1.500
84.375	192	74.390	0.675	9.985	1.500
73.125	193	70.630	0.871	2.495	1.500
129.375	194	134.901	1.418	5.526	1.500
95.625	195	108.381	1.342	12.756	1.500
39.375	196	33.972	0.786	5.403	1.500
16.875	197	18.225	0.807	1.350	1.500
5.625	198	9.419	0.826	3.794	1.500
28.125	199	37.919	0.798	9.794	1.500
84.375	200	82.308	0.922	2.067	1.500
163.125	201	171.641	0.846	8.516	1.500
174.375	202	NaN	1.500	NaN	1.500
106.875	203	106.544	0.862	0.331	1.500
50.625	204	47.381	0.762	3.244	1.500
140.625	205	139.934	0.766	0.691	1.500
61.875	206	57.896	0.826	3.979	1.500
118.125	207	114.772	0.870	3.353	1.500
151.875	208	160.045	0.874	8.170	1.500
95.625	209	90.912	0.830	4.713	1.500
50.625	210	40.656	0.722	9.969	1.500
73.125	211	63.049	0.709	10.076	1.500
61.875	212	60.993	0.858	0.882	1.500
129.375	213	136.656	0.877	7.281	1.500
140.625	214	142.741	0.689	2.116	1.500
5.625	215	8.679	0.797	3.054	1.500
106.875	216	112.901	0.657	6.026	1.500
39.375	217	41.742	0.797	2.367	1.500
174.375	218	164.326	0.953	10.049	1.500
16.875	219	25.495	0.749	8.620	1.500
28.125	220	NaN	1.500	NaN	1.500
118.125	221	97.380	0.805	20.745	1.500
163.125	222	154.090	1.233	9.035	1.500
151.875	223	154.316	1.141	2.441	1.500
84.375	224	74.421	0.809	9.954	1.500
50.625	225	39.065	0.765	11.560	1.500
61.875	226	59.881	0.737	1.994	1.500
28.125	227	18.770	0.893	9.355	1.500
95.625	228	97.752	0.769	2.127	1.500
163.125	229	172.739	0.893	9.614	1.500
84.375	230	85.615	1.096	1.240	1.500
140.625	231	152.949	0.813	12.324	1.500
129.375	232	132.267	0.864	2.892	1.500
151.875	233	161.727	0.932	9.852	1.500
106.875	234	99.820	0.768	7.055	1.500
39.375	235	34.932	0.676	4.443	1.500
73.125	236	68.778	0.744	4.347	1.500
118.125	237	122.750	1.052	4.625	1.500
16.875	238	13.457	0.784	3.418	1.500
5.625	239	8.877	0.780	3.252	1.500
174.375	240	NaN	1.500	NaN	1.500
