Trial	ObjID	LocID	FB	Task	RT	Stim
1	101	3	1	-2	669	4010	
2	141	2	1	-2	690	14015	
3	97	4	1	-2	686	20008	
4	127	1	1	-2	688	27997	
5	189	3	1	-2	671	35988	
6	214	1	1	-2	803	41979	
7	109	2	1	-2	736	47985	
8	200	4	1	-2	657	57974	
9	132	4	1	-1	755	65967	
10	75	1	1	-1	786	71958	
11	90	3	1	-1	736	77947	
12	70	2	1	-1	622	87936	
13	195	3	1	-1	803	93929	
14	34	1	1	-1	696	109935	
15	199	4	1	-1	588	117934	
16	108	2	1	-1	773	127925	
17	150	4	1	1	1053	133918	
18	112	3	1	1	688	141907	
19	219	1	1	1	771	149898	
20	10	2	1	1	686	155889	
21	4	2	1	1	669	161878	
22	221	1	1	1	603	167867	
23	56	4	1	1	785	173856	
24	126	3	1	1	773	183862	
25	259	1	0	1	786	189855	
26	16	4	0	1	688	197844	
27	256	3	0	1	988	205835	
28	65	2	0	1	1004	213827	
29	211	1	0	1	990	223817	
30	104	3	0	1	836	229810	
31	169	2	0	1	637	237800	
32	227	4	0	1	803	243807	
33	114	1	1	2	1109	255796	
34	215	3	1	2	571	263791	
35	121	2	1	2	605	271782	
36	82	4	1	2	755	279773	
37	116	3	1	2	703	285764	
38	94	2	1	2	836	291753	
39	119	1	1	2	769	297742	
40	96	4	1	2	676	311732	
41	83	1	0	2	655	319728	
42	242	2	0	2	888	327719	
43	18	4	0	2	835	333710	
44	240	3	0	2	970	339716	
45	124	2	0	2	1037	345705	
46	176	1	0	2	804	353694	
47	84	4	0	2	753	359702	
48	246	3	0	2	936	365691	
49	153	3	1	-2	1103	371680	
50	204	4	1	-2	624	383669	
51	5	2	1	-2	655	391664	
52	198	1	1	-2	870	397655	
53	186	4	1	-2	671	405661	
54	14	1	1	-2	657	415652	
55	149	3	1	-2	705	423645	
56	216	2	1	-2	671	431636	
57	164	2	1	1	655	439627	
58	72	3	1	1	672	449618	
59	59	4	1	1	586	455611	
60	157	1	1	1	671	463600	
61	3	4	1	1	753	469591	
62	218	3	1	1	889	479581	
63	53	1	1	1	735	485573	
64	103	2	1	1	588	493579	
65	24	4	0	1	703	499570	
66	255	3	0	1	809	511559	
67	69	1	0	1	836	517554	
68	11	2	0	1	935	523543	
69	1	4	0	1	826	537532	
70	202	2	0	1	855	545529	
71	154	3	0	1	755	553520	
72	117	1	0	1	742	565511	
73	135	2	1	2	773	575506	
74	105	4	1	2	836	581499	
75	54	3	1	2	686	587488	
76	63	1	1	2	569	593477	
77	185	3	1	2	707	603483	
78	249	2	1	2	803	609476	
79	162	4	1	2	775	621465	
80	138	1	1	2	903	627460	
81	262	3	0	2	786	633449	
82	73	1	0	2	705	641438	
83	148	2	0	2	688	649429	
84	88	4	0	2	736	655420	
85	233	4	0	2	703	661426	
86	113	1	0	2	771	669415	
87	23	3	0	2	757	679406	
88	92	2	0	2	736	685399	
89	136	2	1	-1	954	4013	
90	191	1	1	-1	886	10004	
91	87	4	1	-1	1088	17993	
92	251	3	1	-1	671	25984	
93	79	2	1	-1	702	31975	
94	217	4	1	-1	853	37964	
95	212	1	1	-1	857	47953	
96	118	3	1	-1	836	53946	
97	81	2	1	-1	1136	59935	
98	213	3	1	-1	588	67924	
99	183	1	1	-1	703	73915	
100	131	4	1	-1	724	85904	
101	6	2	1	1	1003	91899	
102	20	3	1	1	585	97888	
103	210	1	1	1	655	105894	
104	253	4	1	1	603	111885	
105	222	1	1	1	536	117874	
106	226	4	1	1	673	127880	
107	237	2	1	1	653	133873	
108	145	3	1	1	688	141862	
109	203	2	0	1	586	147853	
110	146	4	0	1	635	153843	
111	7	3	0	1	587	161831	
112	129	1	0	1	571	169839	
113	234	3	0	1	870	175830	
114	19	1	0	1	736	181819	
115	107	2	0	1	824	191808	
116	201	4	0	1	636	197801	
117	46	1	1	2	1237	203807	
118	13	4	1	2	571	211796	
119	248	3	1	2	803	217787	
120	165	2	1	2	705	225776	
121	85	2	1	2	1002	231767	
122	228	4	1	2	1207	241773	
123	143	1	1	2	809	253766	
124	133	3	1	2	786	259761	
125	93	1	0	2	1136	265750	
126	177	4	0	2	1500	271739	
127	22	3	0	2	588	279728	
128	122	2	0	2	703	285719	
129	9	4	0	2	621	293725	
130	241	1	0	2	1024	303716	
131	15	2	0	2	736	309709	
132	49	3	0	2	671	317698	
133	28	4	1	-2	1222	325689	
134	160	1	1	-2	711	339680	
135	51	3	1	-2	907	349677	
136	42	2	1	-2	621	357670	
137	110	4	1	-2	656	367661	
138	44	1	1	-2	669	373654	
139	258	3	1	-2	871	381643	
140	98	2	1	-2	755	389634	
141	168	1	1	1	1203	395625	
142	140	3	1	1	702	401614	
143	35	2	1	1	69	407620	
144	78	4	1	1	673	417609	
145	123	3	1	1	555	425602	
146	86	2	1	1	690	435593	
147	60	1	1	1	1500	445586	
148	181	4	1	1	736	451579	
149	158	2	0	1	657	461568	
150	264	3	0	1	686	467561	
151	206	4	0	1	588	475550	
152	187	1	0	1	754	483541	
153	257	4	0	1	726	497532	
154	27	2	0	1	953	503529	
155	263	3	0	1	709	515518	
156	243	1	0	1	755	523513	
157	175	2	1	2	1088	531504	
158	8	1	1	2	736	537495	
159	36	3	1	2	835	543484	
160	74	4	1	2	655	551490	
161	197	4	1	2	788	559481	
162	223	2	1	2	621	567472	
163	184	1	1	2	706	577464	
164	229	3	1	2	712	593456	
165	89	3	0	2	654	601455	
166	52	1	0	2	790	611446	
167	45	2	0	2	1155	619439	
168	95	4	0	2	921	627430	
169	26	3	0	2	592	639421	
170	147	2	0	2	803	645416	
171	111	1	0	2	721	653405	
172	192	4	0	2	69	659396	
173	41	2	1	-1	821	4003	
174	21	1	1	-1	702	9995	
175	25	4	1	-1	769	15984	
176	47	3	1	-1	736	21973	
177	172	2	1	-1	792	33962	
178	188	3	1	-1	686	39957	
179	205	4	1	-1	803	45946	
180	80	1	1	-1	671	53935	
181	155	2	1	-1	652	59926	
182	37	4	1	-1	655	67915	
183	139	3	1	-1	655	75906	
184	193	1	1	-1	736	81897	
185	161	2	1	1	905	89886	
186	254	4	1	1	571	97877	
187	68	1	1	1	657	107868	
188	58	3	1	1	755	115861	
189	66	2	1	1	753	121852	
190	220	1	1	1	793	135842	
191	100	3	1	1	736	141838	
192	29	4	1	1	872	149827	
193	166	4	0	1	656	159818	
194	2	3	0	1	571	167811	
195	235	2	0	1	637	175802	
196	43	1	0	1	335	181793	
197	40	4	0	1	754	189783	
198	180	1	0	1	1500	195774	
199	260	2	0	1	1136	201763	
200	33	3	0	1	704	209752	
201	12	3	1	2	1255	217743	
202	250	2	1	2	602	223734	
203	174	4	1	2	669	229723	
204	151	1	1	2	608	241712	
205	76	1	1	2	853	247707	
206	244	2	1	2	807	257696	
207	120	3	1	2	721	265689	
208	32	4	1	2	803	271680	
209	194	2	0	2	869	277669	
210	102	1	0	2	736	283658	
211	159	4	0	2	752	289647	
212	77	3	0	2	706	299637	
213	252	2	0	2	752	305629	
214	196	3	0	2	1022	313635	
215	55	1	0	2	1036	319626	
216	152	4	0	2	369	325615	
217	167	2	1	-2	1088	333605	
218	224	3	1	-2	588	341612	
219	57	1	1	-2	692	353603	
220	238	4	1	-2	796	369598	
221	48	2	1	-2	675	381597	
222	30	1	1	-2	756	391592	
223	39	4	1	-2	704	399585	
224	236	3	1	-2	1500	409576	
225	163	4	1	1	1353	415569	
226	230	2	1	1	636	421558	
227	178	3	1	1	602	427547	
228	142	1	1	1	536	433536	
229	225	2	1	1	654	441525	
230	182	1	1	1	603	447516	
231	208	4	1	1	669	453505	
232	61	3	1	1	688	461494	
233	99	1	0	1	753	467485	
234	156	4	0	1	621	475491	
235	115	3	0	1	605	483482	
236	261	2	0	1	690	493473	
237	173	2	0	1	777	507466	
238	207	4	0	1	736	513463	
239	209	3	0	1	790	523452	
240	232	1	0	1	775	535445	
241	134	2	1	2	721	543440	
242	137	3	1	2	669	549431	
243	62	4	1	2	721	557420	
244	17	1	1	2	386	563411	
245	245	4	1	2	761	577400	
246	91	2	1	2	69	583397	
247	144	1	1	2	688	591386	
248	31	3	1	2	790	601377	
249	239	2	0	2	653	607370	
250	130	3	0	2	657	617359	
251	67	1	0	2	803	623352	
252	247	4	0	2	622	633342	
253	190	3	0	2	788	641334	
254	179	2	0	2	986	647325	
255	171	1	0	2	986	653314	
256	170	4	0	2	769	659320	
257	38	4	1	-1	1055	667309	
258	106	1	1	-1	637	675300	
259	125	3	1	-1	569	681291	
260	64	2	1	-1	636	687297	
261	71	3	1	-1	655	695286	
262	50	1	1	-1	703	701277	
263	231	4	1	-1	655	709266	
264	128	4	1	-1	655	709266	
